episode_reward_max,episode_reward_min,episode_reward_mean,episode_len_mean,episodes_this_iter,num_healthy_workers,timesteps_total,done,episodes_total,training_iteration,experiment_id,date,timestamp,time_this_iter_s,time_total_s,pid,hostname,node_ip,time_since_restore,timesteps_since_restore,iterations_since_restore,trial_id,policy_reward_min/pol,policy_reward_max/pol,policy_reward_mean/pol,hist_stats/episode_reward,hist_stats/episode_lengths,hist_stats/policy_pol_reward,sampler_perf/mean_env_wait_ms,sampler_perf/mean_raw_obs_processing_ms,sampler_perf/mean_inference_ms,sampler_perf/mean_action_processing_ms,timers/sample_time_ms,timers/sample_throughput,timers/learn_time_ms,timers/learn_throughput,timers/update_time_ms,info/num_steps_sampled,info/num_steps_trained,perf/cpu_util_percent,perf/ram_util_percent,info/learner/pol/allreduce_latency,info/learner/pol/cur_kl_coeff,info/learner/pol/cur_lr,info/learner/pol/total_loss,info/learner/pol/policy_loss,info/learner/pol/vf_loss,info/learner/pol/vf_explained_var,info/learner/pol/kl,info/learner/pol/entropy,info/learner/pol/entropy_coeff
-0.00025,-0.00025,-0.00025,243.33333333333334,3,10,4000,False,3,1,713f17f0db1a49f98b08239d1e1c8d9e,2021-05-03_09-12-23,1620000743,14.40342092514038,14.40342092514038,19926,Hinton,143.248.157.211,14.40342092514038,0,1,28635_00000,-0.00025,-0.00025,-0.00025,"[-0.00025, -0.00025, -0.00025]","[257, 259, 214]","[-0.00025, -0.00025, -0.00025]",1.137764971155181,2.8495822265954787,1.5138450108858714,0.06100503187425318,2320.73,1723.595,12067.189,331.477,6.242,4000,4000,17.21904761904762,56.50476190476189,0.0,0.2,5e-05,0.020070337457582355,-0.023888622148660943,0.03951191628584638,0.55901515,0.022235215757973492,1.5872799307107925,0.0
-0.00025,-0.00025,-0.00025,346.75,5,10,8000,False,8,2,713f17f0db1a49f98b08239d1e1c8d9e,2021-05-03_09-12-37,1620000757,13.872621536254883,28.276042461395264,19926,Hinton,143.248.157.211,28.276042461395264,0,2,28635_00000,-0.00025,-0.00025,-0.00025,"[-0.00025, -0.00025, -0.00025, -0.00025, -0.00025, -0.00025, -0.00025, -0.00025]","[582, 148, 564, 468, 282, 257, 259, 214]","[-0.00025, -0.00025, -0.00025, -0.00025, -0.00025, -0.00025, -0.00025, -0.00025]",1.087755024488621,2.7297284629016776,1.4322497730638495,0.056940420552450806,2255.809,1773.2,11866.231,337.091,6.791,8000,8000,16.809999999999995,56.565,0.0,0.30000000000000004,5e-05,-0.011674564302666113,-0.02644478197908029,0.009250653049093671,0.6033343,0.018398551910649985,1.5639646872878075,0.0
-0.00025,-0.00025,-0.00025,341.44444444444446,1,10,12000,False,9,3,713f17f0db1a49f98b08239d1e1c8d9e,2021-05-03_09-12-50,1620000770,13.58823823928833,41.864280700683594,19926,Hinton,143.248.157.211,41.864280700683594,0,3,28635_00000,-0.00025,-0.00025,-0.00025,"[-0.00025, -0.00025, -0.00025, -0.00025, -0.00025, -0.00025, -0.00025, -0.00025, -0.00025]","[299, 257, 259, 214, 582, 148, 564, 468, 282]","[-0.00025, -0.00025, -0.00025, -0.00025, -0.00025, -0.00025, -0.00025, -0.00025, -0.00025]",1.084792831342109,2.7202117804245196,1.4263849179095776,0.05660198603329764,2283.298,1751.852,11653.228,343.253,6.714,12000,12000,17.41578947368421,56.59473684210527,0.0,0.30000000000000004,5e-05,-0.030750151723623276,-0.0386231321899686,0.0020925158969475888,0.85902613,0.019268200790975243,1.5252933911979198,0.0
0.0027500000000000007,-0.00025,2.2727272727272767e-05,499.45454545454544,2,10,16000,False,11,4,713f17f0db1a49f98b08239d1e1c8d9e,2021-05-03_09-13-04,1620000784,13.915175199508667,55.77945590019226,19926,Hinton,143.248.157.211,55.77945590019226,0,4,28635_00000,-0.00025,0.0027500000000000007,2.2727272727272767e-05,"[0.0027500000000000007, -0.00025, -0.00025, -0.00025, -0.00025, -0.00025, -0.00025, -0.00025, -0.00025, -0.00025, -0.00025]","[1440, 981, 257, 259, 214, 582, 148, 564, 468, 282, 299]","[0.0027500000000000007, -0.00025, -0.00025, -0.00025, -0.00025, -0.00025, -0.00025, -0.00025, -0.00025, -0.00025, -0.00025]",1.0757730680993667,2.731334041999483,1.4172906160880034,0.05618752125969806,2259.145,1770.581,11667.371,342.836,6.244,16000,16000,19.055,56.55500000000001,0.0,0.30000000000000004,5e-05,-0.032356913841795176,-0.040029308875091374,0.0014822507946519181,0.8248819,0.02063380047911778,1.5031656734645367,0.0
0.010750000000000008,-0.00025,0.0009166666666666673,576.25,1,10,20000,False,12,5,713f17f0db1a49f98b08239d1e1c8d9e,2021-05-03_09-13-18,1620000798,13.966690301895142,69.7461462020874,19926,Hinton,143.248.157.211,69.7461462020874,0,5,28635_00000,-0.00025,0.010750000000000008,0.0009166666666666673,"[0.010750000000000008, -0.00025, -0.00025, -0.00025, -0.00025, -0.00025, -0.00025, -0.00025, -0.00025, -0.00025, 0.0027500000000000007, -0.00025]","[1421, 257, 259, 214, 582, 148, 564, 468, 282, 299, 1440, 981]","[0.010750000000000008, -0.00025, -0.00025, -0.00025, -0.00025, -0.00025, -0.00025, -0.00025, -0.00025, -0.00025, 0.0027500000000000007, -0.00025]",1.072153153962228,2.7253379553249215,1.4102226753855904,0.05572764548155293,2230.448,1793.361,11699.416,341.897,6.128,20000,20000,16.78,56.665000000000006,0.0,0.45000000000000007,5e-05,-0.03788487508427352,-0.04951110988622531,0.00047315458778030006,0.91055745,0.024784620036371052,1.4964889250695705,0.0
0.010750000000000008,-0.00025,0.0009166666666666673,576.25,0,10,24000,False,12,6,713f17f0db1a49f98b08239d1e1c8d9e,2021-05-03_09-13-32,1620000812,13.836219549179077,83.58236575126648,19926,Hinton,143.248.157.211,83.58236575126648,0,6,28635_00000,-0.00025,0.010750000000000008,0.0009166666666666673,"[-0.00025, -0.00025, -0.00025, -0.00025, -0.00025, -0.00025, -0.00025, -0.00025, -0.00025, 0.0027500000000000007, -0.00025, 0.010750000000000008]","[257, 259, 214, 582, 148, 564, 468, 282, 299, 1440, 981, 1421]","[-0.00025, -0.00025, -0.00025, -0.00025, -0.00025, -0.00025, -0.00025, -0.00025, -0.00025, 0.0027500000000000007, -0.00025, 0.010750000000000008]",1.072153153962228,2.7253379553249224,1.4102226753855902,0.05572764548155293,2230.252,1793.519,11680.182,342.46,6.419,24000,24000,15.775000000000002,56.585,0.0,0.675,5e-05,-0.029353323683608323,-0.03732283413410187,0.00032147022739081876,0.88593775,0.01133042632136494,1.5104843154549599,0.0
0.010750000000000008,-0.00025,0.0009166666666666673,576.25,0,10,28000,False,12,7,713f17f0db1a49f98b08239d1e1c8d9e,2021-05-03_09-13-48,1620000828,15.396982431411743,98.97934818267822,19926,Hinton,143.248.157.211,98.97934818267822,0,7,28635_00000,-0.00025,0.010750000000000008,0.0009166666666666673,"[-0.00025, -0.00025, -0.00025, -0.00025, -0.00025, -0.00025, -0.00025, -0.00025, -0.00025, 0.0027500000000000007, -0.00025, 0.010750000000000008]","[257, 259, 214, 582, 148, 564, 468, 282, 299, 1440, 981, 1421]","[-0.00025, -0.00025, -0.00025, -0.00025, -0.00025, -0.00025, -0.00025, -0.00025, -0.00025, 0.0027500000000000007, -0.00025, 0.010750000000000008]",1.072153153962228,2.7253379553249224,1.4102226753855902,0.05572764548155293,2256.211,1772.884,11863.199,337.177,6.537,28000,28000,17.531818181818178,56.61818181818182,0.0,0.675,5e-05,-0.02661367872497067,-0.032830683747306466,0.0003129206320409139,0.654183,0.008746791019802913,1.5366034023463726,0.0
0.023750000000000018,-0.00025,0.0026730769230769247,758.3846153846154,1,10,32000,False,13,8,713f17f0db1a49f98b08239d1e1c8d9e,2021-05-03_09-14-01,1620000841,13.155880451202393,112.13522863388062,19926,Hinton,143.248.157.211,112.13522863388062,0,8,28635_00000,-0.00025,0.023750000000000018,0.0026730769230769247,"[0.023750000000000018, -0.00025, -0.00025, -0.00025, -0.00025, -0.00025, -0.00025, -0.00025, -0.00025, -0.00025, 0.0027500000000000007, -0.00025, 0.010750000000000008]","[2944, 257, 259, 214, 582, 148, 564, 468, 282, 299, 1440, 981, 1421]","[0.023750000000000018, -0.00025, -0.00025, -0.00025, -0.00025, -0.00025, -0.00025, -0.00025, -0.00025, -0.00025, 0.0027500000000000007, -0.00025, 0.010750000000000008]",1.064930159173437,2.7037083561240034,1.4018561372851475,0.05531711189813516,2246.946,1780.194,11749.9,340.428,6.604,32000,32000,17.836842105263155,56.6,0.0,0.675,5e-05,-0.026448845979757607,-0.03282171368482523,6.239508974204e-05,0.92117304,0.009348845036583953,1.517432313412428,0.0
0.023750000000000018,-0.00025,0.0026730769230769247,758.3846153846154,0,10,36000,False,13,9,713f17f0db1a49f98b08239d1e1c8d9e,2021-05-03_09-14-15,1620000855,14.21652102470398,126.3517496585846,19926,Hinton,143.248.157.211,126.3517496585846,0,9,28635_00000,-0.00025,0.023750000000000018,0.0026730769230769247,"[-0.00025, -0.00025, -0.00025, -0.00025, -0.00025, -0.00025, -0.00025, -0.00025, -0.00025, 0.0027500000000000007, -0.00025, 0.010750000000000008, 0.023750000000000018]","[257, 259, 214, 582, 148, 564, 468, 282, 299, 1440, 981, 1421, 2944]","[-0.00025, -0.00025, -0.00025, -0.00025, -0.00025, -0.00025, -0.00025, -0.00025, -0.00025, 0.0027500000000000007, -0.00025, 0.010750000000000008, 0.023750000000000018]",1.064930159173437,2.703708356124004,1.4018561372851475,0.05531711189813516,2242.6,1783.644,11776.041,339.673,6.798,36000,36000,20.395,56.620000000000005,0.0,0.675,5e-05,-0.0377933781419415,-0.046834265580400825,5.740135861742601e-05,0.87871027,0.013308872992638499,1.5123415775597095,0.0
0.023750000000000018,-0.00025,0.0026730769230769247,758.3846153846154,0,10,40000,False,13,10,713f17f0db1a49f98b08239d1e1c8d9e,2021-05-03_09-14-29,1620000869,14.16925048828125,140.52100014686584,19926,Hinton,143.248.157.211,140.52100014686584,0,10,28635_00000,-0.00025,0.023750000000000018,0.0026730769230769247,"[-0.00025, -0.00025, -0.00025, -0.00025, -0.00025, -0.00025, -0.00025, -0.00025, -0.00025, 0.0027500000000000007, -0.00025, 0.010750000000000008, 0.023750000000000018]","[257, 259, 214, 582, 148, 564, 468, 282, 299, 1440, 981, 1421, 2944]","[-0.00025, -0.00025, -0.00025, -0.00025, -0.00025, -0.00025, -0.00025, -0.00025, -0.00025, 0.0027500000000000007, -0.00025, 0.010750000000000008, 0.023750000000000018]",1.064930159173437,2.703708356124004,1.4018561372851475,0.05531711189813516,2229.942,1793.768,11801.461,338.941,6.784,40000,40000,16.985,56.620000000000005,0.0,0.675,5e-05,-0.015401966986246407,-0.021354124415665865,4.5985552333149826e-05,0.8151436,0.008749883840209804,1.4882387518882751,0.0
0.023750000000000018,-0.00025,0.0029000000000000015,1190.8666666666666,2,10,44000,False,15,11,713f17f0db1a49f98b08239d1e1c8d9e,2021-05-03_09-14-43,1620000883,13.662883520126343,154.1838836669922,19926,Hinton,143.248.157.211,154.1838836669922,0,11,28635_00000,-0.00025,0.023750000000000018,0.0029000000000000015,"[0.0, 0.008750000000000006, -0.00025, -0.00025, -0.00025, -0.00025, -0.00025, -0.00025, -0.00025, -0.00025, -0.00025, 0.0027500000000000007, -0.00025, 0.010750000000000008, 0.023750000000000018]","[4002, 4002, 257, 259, 214, 582, 148, 564, 468, 282, 299, 1440, 981, 1421, 2944]","[0.0, 0.008750000000000006, -0.00025, -0.00025, -0.00025, -0.00025, -0.00025, -0.00025, -0.00025, -0.00025, -0.00025, 0.0027500000000000007, -0.00025, 0.010750000000000008, 0.023750000000000018]",1.0567245419744036,2.6532438293197855,1.3905498645473036,0.054539449000183635,2213.738,1806.899,11743.075,340.626,6.792,44000,44000,18.669999999999998,56.540000000000006,0.0,0.675,5e-05,-0.02898729918524623,-0.03676461896975525,2.3695168863469007e-05,0.902562,0.011486855830298737,1.4679974243044853,0.0
0.023750000000000018,-0.00025,0.003583333333333336,1659.388888888889,3,10,48000,False,18,12,713f17f0db1a49f98b08239d1e1c8d9e,2021-05-03_09-14-58,1620000898,14.42023253440857,168.60411620140076,19926,Hinton,143.248.157.211,168.60411620140076,0,12,28635_00000,-0.00025,0.023750000000000018,0.003583333333333336,"[0.0, 0.0, 0.021000000000000015, -0.00025, -0.00025, -0.00025, -0.00025, -0.00025, -0.00025, -0.00025, -0.00025, -0.00025, 0.0027500000000000007, -0.00025, 0.010750000000000008, 0.023750000000000018, 0.0, 0.008750000000000006]","[4002, 4002, 4002, 257, 259, 214, 582, 148, 564, 468, 282, 299, 1440, 981, 1421, 2944, 4002, 4002]","[0.0, 0.0, 0.021000000000000015, -0.00025, -0.00025, -0.00025, -0.00025, -0.00025, -0.00025, -0.00025, -0.00025, -0.00025, 0.0027500000000000007, -0.00025, 0.010750000000000008, 0.023750000000000018, 0.0, 0.008750000000000006]",1.0463870506050594,2.6190473279157214,1.3799534453543785,0.05396420828523361,2211.172,1808.996,11800.279,338.975,6.518,48000,48000,16.442857142857143,56.619047619047606,0.0,0.675,5e-05,-0.02298319770488888,-0.02998548507457599,0.00022653041742159985,0.8827143,0.010038155727670528,1.457507099956274,0.0
0.02650000000000002,-0.00025,0.00478947368421053,1782.6842105263158,1,10,52000,False,19,13,713f17f0db1a49f98b08239d1e1c8d9e,2021-05-03_09-15-11,1620000911,13.70064401626587,182.30476021766663,19926,Hinton,143.248.157.211,182.30476021766663,0,13,28635_00000,-0.00025,0.02650000000000002,0.00478947368421053,"[0.02650000000000002, -0.00025, -0.00025, -0.00025, -0.00025, -0.00025, -0.00025, -0.00025, -0.00025, -0.00025, 0.0027500000000000007, -0.00025, 0.010750000000000008, 0.023750000000000018, 0.0, 0.008750000000000006, 0.0, 0.0, 0.021000000000000015]","[4002, 257, 259, 214, 582, 148, 564, 468, 282, 299, 1440, 981, 1421, 2944, 4002, 4002, 4002, 4002, 4002]","[0.02650000000000002, -0.00025, -0.00025, -0.00025, -0.00025, -0.00025, -0.00025, -0.00025, -0.00025, -0.00025, 0.0027500000000000007, -0.00025, 0.010750000000000008, 0.023750000000000018, 0.0, 0.008750000000000006, 0.0, 0.0, 0.021000000000000015]",1.0440082453227713,2.611689546487457,1.3767940992280199,0.0537863279986178,2192.106,1824.73,11831.004,338.095,6.432,52000,52000,17.321052631578947,56.55263157894737,0.0,0.675,5e-05,-0.014395204023458064,-0.02065947896335274,0.0003066618951379496,0.69774866,0.008826095712720416,1.462153922766447,0.0
0.02650000000000002,-0.00025,0.004333333333333337,1994.047619047619,2,10,56000,False,21,14,713f17f0db1a49f98b08239d1e1c8d9e,2021-05-03_09-15-26,1620000926,14.293573379516602,196.59833359718323,19926,Hinton,143.248.157.211,196.59833359718323,0,14,28635_00000,-0.00025,0.02650000000000002,0.004333333333333337,"[0.0, 0.0, -0.00025, -0.00025, -0.00025, -0.00025, -0.00025, -0.00025, -0.00025, -0.00025, -0.00025, 0.0027500000000000007, -0.00025, 0.010750000000000008, 0.023750000000000018, 0.0, 0.008750000000000006, 0.0, 0.0, 0.021000000000000015, 0.02650000000000002]","[4002, 4002, 257, 259, 214, 582, 148, 564, 468, 282, 299, 1440, 981, 1421, 2944, 4002, 4002, 4002, 4002, 4002, 4002]","[0.0, 0.0, -0.00025, -0.00025, -0.00025, -0.00025, -0.00025, -0.00025, -0.00025, -0.00025, -0.00025, 0.0027500000000000007, -0.00025, 0.010750000000000008, 0.023750000000000018, 0.0, 0.008750000000000006, 0.0, 0.0, 0.021000000000000015, 0.02650000000000002]",1.0394563136439285,2.6113344930196596,1.3719025120608808,0.05363279083648868,2201.664,1816.807,11859.112,337.293,6.611,56000,56000,18.090476190476192,56.61904761904762,0.0,0.675,5e-05,-0.027411343879066408,-0.033801971992943436,0.00011311363505228655,0.80481446,0.009300024656113237,1.466676987707615,0.0
0.02650000000000002,-0.00025,0.004136363636363639,2085.318181818182,1,10,60000,False,22,15,713f17f0db1a49f98b08239d1e1c8d9e,2021-05-03_09-15-40,1620000940,14.200535774230957,210.79886937141418,19926,Hinton,143.248.157.211,210.79886937141418,0,15,28635_00000,-0.00025,0.02650000000000002,0.004136363636363639,"[0.0, -0.00025, -0.00025, -0.00025, -0.00025, -0.00025, -0.00025, -0.00025, -0.00025, -0.00025, 0.0027500000000000007, -0.00025, 0.010750000000000008, 0.023750000000000018, 0.0, 0.008750000000000006, 0.0, 0.0, 0.021000000000000015, 0.02650000000000002, 0.0, 0.0]","[4002, 257, 259, 214, 582, 148, 564, 468, 282, 299, 1440, 981, 1421, 2944, 4002, 4002, 4002, 4002, 4002, 4002, 4002, 4002]","[0.0, -0.00025, -0.00025, -0.00025, -0.00025, -0.00025, -0.00025, -0.00025, -0.00025, -0.00025, 0.0027500000000000007, -0.00025, 0.010750000000000008, 0.023750000000000018, 0.0, 0.008750000000000006, 0.0, 0.0, 0.021000000000000015, 0.02650000000000002, 0.0, 0.0]",1.0380666544518402,2.610483476939049,1.3695217370018886,0.05345750233202368,2200.809,1817.513,11884.09,336.584,6.499,60000,60000,17.05,56.584999999999994,0.0,0.675,5e-05,-0.024302880570758134,-0.032059722871053964,6.847359259154473e-05,0.8323901,0.011390176339773461,1.4598140195012093,0.0
0.02650000000000002,-0.00025,0.004136363636363639,2085.318181818182,0,10,64000,False,22,16,713f17f0db1a49f98b08239d1e1c8d9e,2021-05-03_09-15-55,1620000955,14.662822723388672,225.46169209480286,19926,Hinton,143.248.157.211,225.46169209480286,0,16,28635_00000,-0.00025,0.02650000000000002,0.004136363636363639,"[-0.00025, -0.00025, -0.00025, -0.00025, -0.00025, -0.00025, -0.00025, -0.00025, -0.00025, 0.0027500000000000007, -0.00025, 0.010750000000000008, 0.023750000000000018, 0.0, 0.008750000000000006, 0.0, 0.0, 0.021000000000000015, 0.02650000000000002, 0.0, 0.0, 0.0]","[257, 259, 214, 582, 148, 564, 468, 282, 299, 1440, 981, 1421, 2944, 4002, 4002, 4002, 4002, 4002, 4002, 4002, 4002, 4002]","[-0.00025, -0.00025, -0.00025, -0.00025, -0.00025, -0.00025, -0.00025, -0.00025, -0.00025, 0.0027500000000000007, -0.00025, 0.010750000000000008, 0.023750000000000018, 0.0, 0.008750000000000006, 0.0, 0.0, 0.021000000000000015, 0.02650000000000002, 0.0, 0.0, 0.0]",1.03806665445184,2.6104834769390486,1.3695217370018884,0.05345750233202367,2193.123,1823.883,11974.894,334.032,6.117,64000,64000,17.15238095238095,56.52857142857143,0.0,0.675,5e-05,-0.028399008559063077,-0.0362723755533807,8.899114436644595e-05,0.7755002,0.01153240550775081,1.4588494524359703,0.0
0.02650000000000002,-0.00025,0.004369565217391308,2083.608695652174,1,10,68000,False,23,17,713f17f0db1a49f98b08239d1e1c8d9e,2021-05-03_09-16-09,1620000969,14.11255931854248,239.57425141334534,19926,Hinton,143.248.157.211,239.57425141334534,0,17,28635_00000,-0.00025,0.02650000000000002,0.004369565217391308,"[0.009500000000000007, -0.00025, -0.00025, -0.00025, -0.00025, -0.00025, -0.00025, -0.00025, -0.00025, -0.00025, 0.0027500000000000007, -0.00025, 0.010750000000000008, 0.023750000000000018, 0.0, 0.008750000000000006, 0.0, 0.0, 0.021000000000000015, 0.02650000000000002, 0.0, 0.0, 0.0]","[2046, 257, 259, 214, 582, 148, 564, 468, 282, 299, 1440, 981, 1421, 2944, 4002, 4002, 4002, 4002, 4002, 4002, 4002, 4002, 4002]","[0.009500000000000007, -0.00025, -0.00025, -0.00025, -0.00025, -0.00025, -0.00025, -0.00025, -0.00025, -0.00025, 0.0027500000000000007, -0.00025, 0.010750000000000008, 0.023750000000000018, 0.0, 0.008750000000000006, 0.0, 0.0, 0.021000000000000015, 0.02650000000000002, 0.0, 0.0, 0.0]",1.0365843960871957,2.6053834216203025,1.3678354988598946,0.05335360289671214,2174.165,1839.787,11865.698,337.106,6.035,68000,68000,17.169999999999995,56.580000000000005,0.0,0.675,5e-05,-0.030690276355016977,-0.03902141525759362,1.963191755294247e-05,0.39620048,0.012313345549046062,1.4800900593400002,0.0
0.02650000000000002,-0.00025,0.005360000000000004,2195.08,2,10,72000,False,25,18,713f17f0db1a49f98b08239d1e1c8d9e,2021-05-03_09-16-23,1620000983,14.006119012832642,253.58037042617798,19926,Hinton,143.248.157.211,253.58037042617798,0,18,28635_00000,-0.00025,0.02650000000000002,0.005360000000000004,"[0.010000000000000007, 0.023500000000000017, -0.00025, -0.00025, -0.00025, -0.00025, -0.00025, -0.00025, -0.00025, -0.00025, -0.00025, 0.0027500000000000007, -0.00025, 0.010750000000000008, 0.023750000000000018, 0.0, 0.008750000000000006, 0.0, 0.0, 0.021000000000000015, 0.02650000000000002, 0.0, 0.0, 0.0, 0.009500000000000007]","[2952, 4002, 257, 259, 214, 582, 148, 564, 468, 282, 299, 1440, 981, 1421, 2944, 4002, 4002, 4002, 4002, 4002, 4002, 4002, 4002, 4002, 2046]","[0.010000000000000007, 0.023500000000000017, -0.00025, -0.00025, -0.00025, -0.00025, -0.00025, -0.00025, -0.00025, -0.00025, -0.00025, 0.0027500000000000007, -0.00025, 0.010750000000000008, 0.023750000000000018, 0.0, 0.008750000000000006, 0.0, 0.0, 0.021000000000000015, 0.02650000000000002, 0.0, 0.0, 0.0, 0.009500000000000007]",1.032666331391359,2.5858486010315485,1.3611094209641375,0.05303200861407132,2165.663,1847.01,11958.973,334.477,5.873,72000,72000,17.68,56.584999999999994,0.0,0.675,5e-05,-0.028786398470401764,-0.04006766283418983,8.853442068357253e-06,0.70199287,0.01669986870547291,1.46409372985363,0.0
0.02650000000000002,-0.00025,0.005826923076923081,2222.4615384615386,1,10,76000,False,26,19,713f17f0db1a49f98b08239d1e1c8d9e,2021-05-03_09-16-37,1620000997,14.28153657913208,267.86190700531006,19926,Hinton,143.248.157.211,267.86190700531006,0,19,28635_00000,-0.00025,0.02650000000000002,0.005826923076923081,"[0.017500000000000012, -0.00025, -0.00025, -0.00025, -0.00025, -0.00025, -0.00025, -0.00025, -0.00025, -0.00025, 0.0027500000000000007, -0.00025, 0.010750000000000008, 0.023750000000000018, 0.0, 0.008750000000000006, 0.0, 0.0, 0.021000000000000015, 0.02650000000000002, 0.0, 0.0, 0.0, 0.009500000000000007, 0.010000000000000007, 0.023500000000000017]","[2907, 257, 259, 214, 582, 148, 564, 468, 282, 299, 1440, 981, 1421, 2944, 4002, 4002, 4002, 4002, 4002, 4002, 4002, 4002, 4002, 2046, 2952, 4002]","[0.017500000000000012, -0.00025, -0.00025, -0.00025, -0.00025, -0.00025, -0.00025, -0.00025, -0.00025, -0.00025, 0.0027500000000000007, -0.00025, 0.010750000000000008, 0.023750000000000018, 0.0, 0.008750000000000006, 0.0, 0.0, 0.021000000000000015, 0.02650000000000002, 0.0, 0.0, 0.0, 0.009500000000000007, 0.010000000000000007, 0.023500000000000017]",1.03048028216686,2.584900463151432,1.3598851449004359,0.05294692342503645,2158.619,1853.037,11972.351,334.103,5.386,76000,76000,19.123809523809523,56.519047619047626,0.0,0.675,5e-05,-0.01946090121055022,-0.025353472068673,2.2832997643718045e-05,0.83366716,0.008695908734807745,1.4430439174175262,0.0
0.02650000000000002,-0.00025,0.005826923076923081,2222.4615384615386,0,10,80000,False,26,20,713f17f0db1a49f98b08239d1e1c8d9e,2021-05-03_09-16-52,1620001012,14.284929752349854,282.1468367576599,19926,Hinton,143.248.157.211,282.1468367576599,0,20,28635_00000,-0.00025,0.02650000000000002,0.005826923076923081,"[-0.00025, -0.00025, -0.00025, -0.00025, -0.00025, -0.00025, -0.00025, -0.00025, -0.00025, 0.0027500000000000007, -0.00025, 0.010750000000000008, 0.023750000000000018, 0.0, 0.008750000000000006, 0.0, 0.0, 0.021000000000000015, 0.02650000000000002, 0.0, 0.0, 0.0, 0.009500000000000007, 0.010000000000000007, 0.023500000000000017, 0.017500000000000012]","[257, 259, 214, 582, 148, 564, 468, 282, 299, 1440, 981, 1421, 2944, 4002, 4002, 4002, 4002, 4002, 4002, 4002, 4002, 4002, 2046, 2952, 4002, 2907]","[-0.00025, -0.00025, -0.00025, -0.00025, -0.00025, -0.00025, -0.00025, -0.00025, -0.00025, 0.0027500000000000007, -0.00025, 0.010750000000000008, 0.023750000000000018, 0.0, 0.008750000000000006, 0.0, 0.0, 0.021000000000000015, 0.02650000000000002, 0.0, 0.0, 0.0, 0.009500000000000007, 0.010000000000000007, 0.023500000000000017, 0.017500000000000012]",1.03048028216686,2.5849004631514316,1.359885144900436,0.05294692342503644,2192.03,1824.792,11950.828,334.705,5.431,80000,80000,19.719999999999995,56.535000000000004,0.0,0.675,5e-05,-0.022432233847212046,-0.028846343280747533,7.382143060397084e-06,0.47948772,0.00949144916376099,1.4619307853281498,0.0
0.02650000000000002,-0.00025,0.005611111111111115,2288.3703703703704,1,10,84000,False,27,21,713f17f0db1a49f98b08239d1e1c8d9e,2021-05-03_09-17-06,1620001026,13.95011019706726,296.0969469547272,19926,Hinton,143.248.157.211,296.0969469547272,0,21,28635_00000,-0.00025,0.02650000000000002,0.005611111111111115,"[0.0, -0.00025, -0.00025, -0.00025, -0.00025, -0.00025, -0.00025, -0.00025, -0.00025, -0.00025, 0.0027500000000000007, -0.00025, 0.010750000000000008, 0.023750000000000018, 0.0, 0.008750000000000006, 0.0, 0.0, 0.021000000000000015, 0.02650000000000002, 0.0, 0.0, 0.0, 0.009500000000000007, 0.010000000000000007, 0.023500000000000017, 0.017500000000000012]","[4002, 257, 259, 214, 582, 148, 564, 468, 282, 299, 1440, 981, 1421, 2944, 4002, 4002, 4002, 4002, 4002, 4002, 4002, 4002, 4002, 2046, 2952, 4002, 2907]","[0.0, -0.00025, -0.00025, -0.00025, -0.00025, -0.00025, -0.00025, -0.00025, -0.00025, -0.00025, 0.0027500000000000007, -0.00025, 0.010750000000000008, 0.023750000000000018, 0.0, 0.008750000000000006, 0.0, 0.0, 0.021000000000000015, 0.02650000000000002, 0.0, 0.0, 0.0, 0.009500000000000007, 0.010000000000000007, 0.023500000000000017, 0.017500000000000012]",1.0295000110189212,2.5859396320799344,1.359124189220401,0.052827935167503344,2189.71,1826.726,11981.948,333.836,5.424,84000,84000,16.955000000000002,56.63000000000001,0.0,0.675,5e-05,-0.032421820622403175,-0.036576300917658955,1.0980082649325595e-05,0.85720074,0.006138519762316719,1.450278777629137,0.0
0.02650000000000002,-0.00025,0.0054107142857142895,2349.5714285714284,1,10,88000,False,28,22,713f17f0db1a49f98b08239d1e1c8d9e,2021-05-03_09-17-18,1620001038,12.595645189285278,308.69259214401245,19926,Hinton,143.248.157.211,308.69259214401245,0,22,28635_00000,-0.00025,0.02650000000000002,0.0054107142857142895,"[0.0, -0.00025, -0.00025, -0.00025, -0.00025, -0.00025, -0.00025, -0.00025, -0.00025, -0.00025, 0.0027500000000000007, -0.00025, 0.010750000000000008, 0.023750000000000018, 0.0, 0.008750000000000006, 0.0, 0.0, 0.021000000000000015, 0.02650000000000002, 0.0, 0.0, 0.0, 0.009500000000000007, 0.010000000000000007, 0.023500000000000017, 0.017500000000000012, 0.0]","[4002, 257, 259, 214, 582, 148, 564, 468, 282, 299, 1440, 981, 1421, 2944, 4002, 4002, 4002, 4002, 4002, 4002, 4002, 4002, 4002, 2046, 2952, 4002, 2907, 4002]","[0.0, -0.00025, -0.00025, -0.00025, -0.00025, -0.00025, -0.00025, -0.00025, -0.00025, -0.00025, 0.0027500000000000007, -0.00025, 0.010750000000000008, 0.023750000000000018, 0.0, 0.008750000000000006, 0.0, 0.0, 0.021000000000000015, 0.02650000000000002, 0.0, 0.0, 0.0, 0.009500000000000007, 0.010000000000000007, 0.023500000000000017, 0.017500000000000012, 0.0]",1.0284065284522204,2.5830192808887333,1.3576157730853085,0.05274247407240086,2187.203,1828.819,11802.383,338.915,5.448,88000,88000,17.41111111111111,56.62777777777778,0.0,0.675,5e-05,-0.02239193709101528,-0.029606771655380726,7.778547860937124e-06,0.91449034,0.01067711719952058,1.4612408950924873,0.0
0.02650000000000002,-0.00025,0.005224137931034487,2406.551724137931,1,10,92000,False,29,23,713f17f0db1a49f98b08239d1e1c8d9e,2021-05-03_09-17-33,1620001053,14.277734756469727,322.9703269004822,19926,Hinton,143.248.157.211,322.9703269004822,0,23,28635_00000,-0.00025,0.02650000000000002,0.005224137931034487,"[0.0, -0.00025, -0.00025, -0.00025, -0.00025, -0.00025, -0.00025, -0.00025, -0.00025, -0.00025, 0.0027500000000000007, -0.00025, 0.010750000000000008, 0.023750000000000018, 0.0, 0.008750000000000006, 0.0, 0.0, 0.021000000000000015, 0.02650000000000002, 0.0, 0.0, 0.0, 0.009500000000000007, 0.010000000000000007, 0.023500000000000017, 0.017500000000000012, 0.0, 0.0]","[4002, 257, 259, 214, 582, 148, 564, 468, 282, 299, 1440, 981, 1421, 2944, 4002, 4002, 4002, 4002, 4002, 4002, 4002, 4002, 4002, 2046, 2952, 4002, 2907, 4002, 4002]","[0.0, -0.00025, -0.00025, -0.00025, -0.00025, -0.00025, -0.00025, -0.00025, -0.00025, -0.00025, 0.0027500000000000007, -0.00025, 0.010750000000000008, 0.023750000000000018, 0.0, 0.008750000000000006, 0.0, 0.0, 0.021000000000000015, 0.02650000000000002, 0.0, 0.0, 0.0, 0.009500000000000007, 0.010000000000000007, 0.023500000000000017, 0.017500000000000012, 0.0, 0.0]",1.0272555369221676,2.583895509303516,1.3560499672366508,0.052664181076168,2185.794,1829.999,11861.667,337.221,5.429,92000,92000,18.05,56.59499999999999,0.0,0.675,5e-05,-0.01950466909329407,-0.025892589968862012,1.561275341543933e-05,0.62533003,0.009440454698051326,1.444521103054285,0.0
0.02650000000000002,-0.00025,0.004887096774193552,2509.483870967742,2,10,96000,False,31,24,713f17f0db1a49f98b08239d1e1c8d9e,2021-05-03_09-17-47,1620001067,14.420555114746094,337.39088201522827,19926,Hinton,143.248.157.211,337.39088201522827,0,24,28635_00000,-0.00025,0.02650000000000002,0.004887096774193552,"[0.0, 0.0, -0.00025, -0.00025, -0.00025, -0.00025, -0.00025, -0.00025, -0.00025, -0.00025, -0.00025, 0.0027500000000000007, -0.00025, 0.010750000000000008, 0.023750000000000018, 0.0, 0.008750000000000006, 0.0, 0.0, 0.021000000000000015, 0.02650000000000002, 0.0, 0.0, 0.0, 0.009500000000000007, 0.010000000000000007, 0.023500000000000017, 0.017500000000000012, 0.0, 0.0, 0.0]","[4002, 4002, 257, 259, 214, 582, 148, 564, 468, 282, 299, 1440, 981, 1421, 2944, 4002, 4002, 4002, 4002, 4002, 4002, 4002, 4002, 4002, 2046, 2952, 4002, 2907, 4002, 4002, 4002]","[0.0, 0.0, -0.00025, -0.00025, -0.00025, -0.00025, -0.00025, -0.00025, -0.00025, -0.00025, -0.00025, 0.0027500000000000007, -0.00025, 0.010750000000000008, 0.023750000000000018, 0.0, 0.008750000000000006, 0.0, 0.0, 0.021000000000000015, 0.02650000000000002, 0.0, 0.0, 0.0, 0.009500000000000007, 0.010000000000000007, 0.023500000000000017, 0.017500000000000012, 0.0, 0.0, 0.0]",1.024737994191145,2.5848778765218876,1.3532560984553894,0.0525659134934542,2174.965,1839.11,11884.99,336.559,5.297,96000,96000,17.438095238095237,56.604761904761915,0.0,0.675,5e-05,-0.03332352128927596,-0.04172897705575451,3.3730235280415855e-06,0.7214591,0.012447527726180851,1.383799560368061,0.0
0.02650000000000002,-0.00025,0.005159090909090913,2580.818181818182,2,10,100000,False,33,25,713f17f0db1a49f98b08239d1e1c8d9e,2021-05-03_09-18-01,1620001081,13.97183609008789,351.36271810531616,19926,Hinton,143.248.157.211,351.36271810531616,0,25,28635_00000,-0.00025,0.02650000000000002,0.005159090909090913,"[0.018750000000000013, 0.0, -0.00025, -0.00025, -0.00025, -0.00025, -0.00025, -0.00025, -0.00025, -0.00025, -0.00025, 0.0027500000000000007, -0.00025, 0.010750000000000008, 0.023750000000000018, 0.0, 0.008750000000000006, 0.0, 0.0, 0.021000000000000015, 0.02650000000000002, 0.0, 0.0, 0.0, 0.009500000000000007, 0.010000000000000007, 0.023500000000000017, 0.017500000000000012, 0.0, 0.0, 0.0, 0.0, 0.0]","[3371, 4002, 257, 259, 214, 582, 148, 564, 468, 282, 299, 1440, 981, 1421, 2944, 4002, 4002, 4002, 4002, 4002, 4002, 4002, 4002, 4002, 2046, 2952, 4002, 2907, 4002, 4002, 4002, 4002, 4002]","[0.018750000000000013, 0.0, -0.00025, -0.00025, -0.00025, -0.00025, -0.00025, -0.00025, -0.00025, -0.00025, -0.00025, 0.0027500000000000007, -0.00025, 0.010750000000000008, 0.023750000000000018, 0.0, 0.008750000000000006, 0.0, 0.0, 0.021000000000000015, 0.02650000000000002, 0.0, 0.0, 0.0, 0.009500000000000007, 0.010000000000000007, 0.023500000000000017, 0.017500000000000012, 0.0, 0.0, 0.0, 0.0, 0.0]",1.023018310991748,2.5817046930947325,1.3506392688218618,0.052404180448722894,2189.65,1826.776,11847.626,337.62,5.278,100000,100000,16.714999999999996,56.635000000000005,0.0,0.675,5e-05,-0.02678299497347325,-0.03578303079120815,5.1454653018367935e-06,0.59605104,0.013325767242349684,1.383013341575861,0.0
0.02650000000000002,-0.00025,0.005159090909090913,2580.818181818182,0,10,104000,False,33,26,713f17f0db1a49f98b08239d1e1c8d9e,2021-05-03_09-18-15,1620001095,14.170460939407349,365.5331790447235,19926,Hinton,143.248.157.211,365.5331790447235,0,26,28635_00000,-0.00025,0.02650000000000002,0.005159090909090913,"[-0.00025, -0.00025, -0.00025, -0.00025, -0.00025, -0.00025, -0.00025, -0.00025, -0.00025, 0.0027500000000000007, -0.00025, 0.010750000000000008, 0.023750000000000018, 0.0, 0.008750000000000006, 0.0, 0.0, 0.021000000000000015, 0.02650000000000002, 0.0, 0.0, 0.0, 0.009500000000000007, 0.010000000000000007, 0.023500000000000017, 0.017500000000000012, 0.0, 0.0, 0.0, 0.0, 0.0, 0.018750000000000013, 0.0]","[257, 259, 214, 582, 148, 564, 468, 282, 299, 1440, 981, 1421, 2944, 4002, 4002, 4002, 4002, 4002, 4002, 4002, 4002, 4002, 2046, 2952, 4002, 2907, 4002, 4002, 4002, 4002, 4002, 3371, 4002]","[-0.00025, -0.00025, -0.00025, -0.00025, -0.00025, -0.00025, -0.00025, -0.00025, -0.00025, 0.0027500000000000007, -0.00025, 0.010750000000000008, 0.023750000000000018, 0.0, 0.008750000000000006, 0.0, 0.0, 0.021000000000000015, 0.02650000000000002, 0.0, 0.0, 0.0, 0.009500000000000007, 0.010000000000000007, 0.023500000000000017, 0.017500000000000012, 0.0, 0.0, 0.0, 0.0, 0.0, 0.018750000000000013, 0.0]",1.023018310991748,2.5817046930947325,1.3506392688218618,0.05240418044872289,2199.951,1818.222,11788.405,339.316,5.514,104000,104000,18.845,56.57000000000001,0.0,0.675,5e-05,-0.026871023030253127,-0.0331833366653882,5.930426759448437e-06,0.59562767,0.009342786972410977,1.3961717784404755,0.0
0.02650000000000002,-0.00025,0.005159090909090913,2580.818181818182,0,10,108000,False,33,27,713f17f0db1a49f98b08239d1e1c8d9e,2021-05-03_09-18-29,1620001109,14.111999273300171,379.6451783180237,19926,Hinton,143.248.157.211,379.6451783180237,0,27,28635_00000,-0.00025,0.02650000000000002,0.005159090909090913,"[-0.00025, -0.00025, -0.00025, -0.00025, -0.00025, -0.00025, -0.00025, -0.00025, -0.00025, 0.0027500000000000007, -0.00025, 0.010750000000000008, 0.023750000000000018, 0.0, 0.008750000000000006, 0.0, 0.0, 0.021000000000000015, 0.02650000000000002, 0.0, 0.0, 0.0, 0.009500000000000007, 0.010000000000000007, 0.023500000000000017, 0.017500000000000012, 0.0, 0.0, 0.0, 0.0, 0.0, 0.018750000000000013, 0.0]","[257, 259, 214, 582, 148, 564, 468, 282, 299, 1440, 981, 1421, 2944, 4002, 4002, 4002, 4002, 4002, 4002, 4002, 4002, 4002, 2046, 2952, 4002, 2907, 4002, 4002, 4002, 4002, 4002, 3371, 4002]","[-0.00025, -0.00025, -0.00025, -0.00025, -0.00025, -0.00025, -0.00025, -0.00025, -0.00025, 0.0027500000000000007, -0.00025, 0.010750000000000008, 0.023750000000000018, 0.0, 0.008750000000000006, 0.0, 0.0, 0.021000000000000015, 0.02650000000000002, 0.0, 0.0, 0.0, 0.009500000000000007, 0.010000000000000007, 0.023500000000000017, 0.017500000000000012, 0.0, 0.0, 0.0, 0.0, 0.0, 0.018750000000000013, 0.0]",1.023018310991748,2.5817046930947325,1.3506392688218618,0.05240418044872289,2191.965,1824.846,11796.995,339.069,5.288,108000,108000,16.933333333333334,56.65238095238095,0.0,0.675,5e-05,-0.031470342772081494,-0.03947125020204112,3.0812096536436684e-06,0.28212258,0.011848629335872829,1.3913835920393467,0.0
0.02650000000000002,-0.00025,0.004864285714285717,2662.0285714285715,2,10,112000,False,35,28,713f17f0db1a49f98b08239d1e1c8d9e,2021-05-03_09-18-43,1620001123,13.95301628112793,393.5981945991516,19926,Hinton,143.248.157.211,393.5981945991516,0,28,28635_00000,-0.00025,0.02650000000000002,0.004864285714285717,"[0.0, 0.0, -0.00025, -0.00025, -0.00025, -0.00025, -0.00025, -0.00025, -0.00025, -0.00025, -0.00025, 0.0027500000000000007, -0.00025, 0.010750000000000008, 0.023750000000000018, 0.0, 0.008750000000000006, 0.0, 0.0, 0.021000000000000015, 0.02650000000000002, 0.0, 0.0, 0.0, 0.009500000000000007, 0.010000000000000007, 0.023500000000000017, 0.017500000000000012, 0.0, 0.0, 0.0, 0.0, 0.0, 0.018750000000000013, 0.0]","[4002, 4002, 257, 259, 214, 582, 148, 564, 468, 282, 299, 1440, 981, 1421, 2944, 4002, 4002, 4002, 4002, 4002, 4002, 4002, 4002, 4002, 2046, 2952, 4002, 2907, 4002, 4002, 4002, 4002, 4002, 3371, 4002]","[0.0, 0.0, -0.00025, -0.00025, -0.00025, -0.00025, -0.00025, -0.00025, -0.00025, -0.00025, -0.00025, 0.0027500000000000007, -0.00025, 0.010750000000000008, 0.023750000000000018, 0.0, 0.008750000000000006, 0.0, 0.0, 0.021000000000000015, 0.02650000000000002, 0.0, 0.0, 0.0, 0.009500000000000007, 0.010000000000000007, 0.023500000000000017, 0.017500000000000012, 0.0, 0.0, 0.0, 0.0, 0.0, 0.018750000000000013, 0.0]",1.0206556830774465,2.574992151626968,1.3463088398859202,0.052195815969108675,2195.561,1821.858,11788.594,339.311,5.162,112000,112000,17.875,56.589999999999996,0.0,0.675,5e-05,-0.023841804038966075,-0.032414009649073705,6.2729089336244215e-06,0.326406,0.012690269737504423,1.4135783724486828,0.0
0.02650000000000002,-0.00025,0.00472916666666667,2699.25,1,10,116000,False,36,29,713f17f0db1a49f98b08239d1e1c8d9e,2021-05-03_09-18-58,1620001138,14.577862977981567,408.1760575771332,19926,Hinton,143.248.157.211,408.1760575771332,0,29,28635_00000,-0.00025,0.02650000000000002,0.00472916666666667,"[0.0, -0.00025, -0.00025, -0.00025, -0.00025, -0.00025, -0.00025, -0.00025, -0.00025, -0.00025, 0.0027500000000000007, -0.00025, 0.010750000000000008, 0.023750000000000018, 0.0, 0.008750000000000006, 0.0, 0.0, 0.021000000000000015, 0.02650000000000002, 0.0, 0.0, 0.0, 0.009500000000000007, 0.010000000000000007, 0.023500000000000017, 0.017500000000000012, 0.0, 0.0, 0.0, 0.0, 0.0, 0.018750000000000013, 0.0, 0.0, 0.0]","[4002, 257, 259, 214, 582, 148, 564, 468, 282, 299, 1440, 981, 1421, 2944, 4002, 4002, 4002, 4002, 4002, 4002, 4002, 4002, 4002, 2046, 2952, 4002, 2907, 4002, 4002, 4002, 4002, 4002, 3371, 4002, 4002, 4002]","[0.0, -0.00025, -0.00025, -0.00025, -0.00025, -0.00025, -0.00025, -0.00025, -0.00025, -0.00025, 0.0027500000000000007, -0.00025, 0.010750000000000008, 0.023750000000000018, 0.0, 0.008750000000000006, 0.0, 0.0, 0.021000000000000015, 0.02650000000000002, 0.0, 0.0, 0.0, 0.009500000000000007, 0.010000000000000007, 0.023500000000000017, 0.017500000000000012, 0.0, 0.0, 0.0, 0.0, 0.0, 0.018750000000000013, 0.0, 0.0, 0.0]",1.0193823530715613,2.574925493845407,1.3455476028801323,0.05214594630226857,2201.008,1817.349,11813.244,338.603,5.244,116000,116000,19.340000000000003,56.670000000000016,0.0,0.675,5e-05,-0.026399203517939895,-0.033465962507762015,6.376444090960831e-06,0.85790515,0.010459829863975756,1.4162519238889217,0.0
0.02650000000000002,-0.00025,0.00472916666666667,2699.25,0,10,120000,False,36,30,713f17f0db1a49f98b08239d1e1c8d9e,2021-05-03_09-19-13,1620001153,15.107367992401123,423.2834255695343,19926,Hinton,143.248.157.211,423.2834255695343,0,30,28635_00000,-0.00025,0.02650000000000002,0.00472916666666667,"[-0.00025, -0.00025, -0.00025, -0.00025, -0.00025, -0.00025, -0.00025, -0.00025, -0.00025, 0.0027500000000000007, -0.00025, 0.010750000000000008, 0.023750000000000018, 0.0, 0.008750000000000006, 0.0, 0.0, 0.021000000000000015, 0.02650000000000002, 0.0, 0.0, 0.0, 0.009500000000000007, 0.010000000000000007, 0.023500000000000017, 0.017500000000000012, 0.0, 0.0, 0.0, 0.0, 0.0, 0.018750000000000013, 0.0, 0.0, 0.0, 0.0]","[257, 259, 214, 582, 148, 564, 468, 282, 299, 1440, 981, 1421, 2944, 4002, 4002, 4002, 4002, 4002, 4002, 4002, 4002, 4002, 2046, 2952, 4002, 2907, 4002, 4002, 4002, 4002, 4002, 3371, 4002, 4002, 4002, 4002]","[-0.00025, -0.00025, -0.00025, -0.00025, -0.00025, -0.00025, -0.00025, -0.00025, -0.00025, 0.0027500000000000007, -0.00025, 0.010750000000000008, 0.023750000000000018, 0.0, 0.008750000000000006, 0.0, 0.0, 0.021000000000000015, 0.02650000000000002, 0.0, 0.0, 0.0, 0.009500000000000007, 0.010000000000000007, 0.023500000000000017, 0.017500000000000012, 0.0, 0.0, 0.0, 0.0, 0.0, 0.018750000000000013, 0.0, 0.0, 0.0, 0.0]",1.019382353071561,2.574925493845407,1.3455476028801323,0.05214594630226857,2183.415,1831.993,11913.123,335.764,4.927,120000,120000,17.518181818181823,56.56818181818182,0.0,0.675,5e-05,-0.009038263175170869,-0.01220874150749296,3.851241917374182e-06,0.66869473,0.004691297981480602,1.4340648651123047,0.0
