episode_reward_max,episode_reward_min,episode_reward_mean,episode_len_mean,episodes_this_iter,num_healthy_workers,timesteps_total,done,episodes_total,training_iteration,experiment_id,date,timestamp,time_this_iter_s,time_total_s,pid,hostname,node_ip,time_since_restore,timesteps_since_restore,iterations_since_restore,trial_id,policy_reward_min/pol,policy_reward_max/pol,policy_reward_mean/pol,hist_stats/episode_reward,hist_stats/episode_lengths,hist_stats/policy_pol_reward,sampler_perf/mean_env_wait_ms,sampler_perf/mean_raw_obs_processing_ms,sampler_perf/mean_inference_ms,sampler_perf/mean_action_processing_ms,timers/sample_time_ms,timers/sample_throughput,timers/learn_time_ms,timers/learn_throughput,info/num_steps_sampled,info/num_steps_trained,perf/cpu_util_percent,perf/ram_util_percent,info/learner/pol/allreduce_latency,info/learner/pol/cur_kl_coeff,info/learner/pol/cur_lr,info/learner/pol/total_loss,info/learner/pol/policy_loss,info/learner/pol/vf_loss,info/learner/pol/vf_explained_var,info/learner/pol/kl,info/learner/pol/entropy,info/learner/pol/entropy_coeff
-1.0,-1.0,-1.0,1666.5,2,0,4000,False,2,1,58c3590da9394caa84238dd58489ce36,2021-04-30_18-04-58,1619773498,62.0931932926178,62.0931932926178,1331,Hinton,143.248.157.211,62.0931932926178,0,1,f629b_00000,-1.0,-1.0,-1.0,"[-1.0, -1.0]","[776, 2557]","[-1.0, -1.0]",1.4268748315087976,5.799116774875801,2.6553554911519313,0.05233290790766664,39824.078,100.442,22268.007,179.63,4000,4000,35.87191011235956,59.82808988764046,0.0,0.2,5e-05,0.01760720554739237,-0.024664068187121302,0.03826711548026651,0.53840345,0.0200207942398265,1.5900261513888836,0.0
-1.0,-1.0,-1.0,1491.6666666666667,1,0,8000,False,3,2,58c3590da9394caa84238dd58489ce36,2021-04-30_18-06-03,1619773563,64.78080201148987,126.87399530410767,1331,Hinton,143.248.157.211,126.87399530410767,0,2,f629b_00000,-1.0,-1.0,-1.0,"[-1.0, -1.0, -1.0]","[1142, 776, 2557]","[-1.0, -1.0, -1.0]",1.429800067920895,5.786880519730798,2.7680852481782217,0.05274940787347892,41063.793,97.409,22371.803,178.797,8000,8000,37.04782608695652,61.865217391304334,0.0,0.30000000000000004,5e-05,-0.013203363312641159,-0.026914448710158467,0.007405814350931905,0.6465357,0.021017581486376002,1.5738356374204159,0.0
0.0048,-1.0,-0.7488,2369.25,1,0,12000,False,4,3,58c3590da9394caa84238dd58489ce36,2021-04-30_18-07-10,1619773630,66.9181056022644,193.79210090637207,1331,Hinton,143.248.157.211,193.79210090637207,0,3,f629b_00000,-1.0,0.0048,-0.7488,"[0.0048, -1.0, -1.0, -1.0]","[5002, 776, 2557, 1142]","[0.0048, -1.0, -1.0, -1.0]",1.4350945022945534,5.7897239296179475,2.833863299450743,0.05316932795319351,41418.795,96.575,23177.091,172.584,12000,12000,38.33368421052632,62.502105263157866,0.0,0.45000000000000007,5e-05,-0.0009062464669113979,-0.008848611076246016,0.004212916541291634,0.1422527,0.008287656281027012,1.5763852186501026,0.0
0.0048,-1.0,-0.59828,2895.8,1,0,16000,False,5,4,58c3590da9394caa84238dd58489ce36,2021-04-30_18-08-14,1619773694,64.73015069961548,258.52225160598755,1331,Hinton,143.248.157.211,258.52225160598755,0,4,f629b_00000,-1.0,0.0048,-0.59828,"[0.0038000000000000013, -1.0, -1.0, -1.0, 0.0048]","[5002, 776, 2557, 1142, 5002]","[0.0038000000000000013, -1.0, -1.0, -1.0, 0.0048]",1.4374251396266005,5.7884147070504905,2.87018003561614,0.05337333234465706,41275.732,96.909,23353.305,171.282,16000,16000,35.80869565217392,61.99130434782609,0.0,0.45000000000000007,5e-05,-0.0067305348929949105,-0.010439639037940651,0.0002923706770161516,0.3663969,0.007592744252178818,1.570573277771473,0.0
0.0048,-1.0,-0.49796666666666667,3246.8333333333335,1,0,20000,False,6,5,58c3590da9394caa84238dd58489ce36,2021-04-30_18-09-18,1619773758,63.60590887069702,322.12816047668457,1331,Hinton,143.248.157.211,322.12816047668457,0,5,f629b_00000,-1.0,0.0048,-0.49796666666666667,"[0.003600000000000001, -1.0, -1.0, -1.0, 0.0048, 0.0038000000000000013]","[5002, 776, 2557, 1142, 5002, 5002]","[0.003600000000000001, -1.0, -1.0, -1.0, 0.0048, 0.0038000000000000013]",1.4385624084181028,5.7854917409657665,2.897181350971337,0.0534934764050381,41282.961,96.892,23140.961,172.854,20000,20000,37.55274725274725,62.494505494505496,0.0,0.45000000000000007,5e-05,-0.0056210122420452535,-0.009384507808135822,4.028354487672914e-05,0.3344162,0.008273805724456906,1.5818382538855076,0.0
0.0048,-1.0,-0.49796666666666667,3246.8333333333335,0,0,24000,False,6,6,58c3590da9394caa84238dd58489ce36,2021-04-30_18-10-32,1619773832,73.56942367553711,395.6975841522217,1331,Hinton,143.248.157.211,395.6975841522217,0,6,f629b_00000,-1.0,0.0048,-0.49796666666666667,"[-1.0, -1.0, -1.0, 0.0048, 0.0038000000000000013, 0.003600000000000001]","[776, 2557, 1142, 5002, 5002, 5002]","[-1.0, -1.0, -1.0, 0.0048, 0.0038000000000000013, 0.003600000000000001]",1.4385624084181028,5.785491740965765,2.897181350971337,0.05349347640503809,42597.824,93.902,23350.028,171.306,24000,24000,48.99134615384616,67.90096153846154,0.0,0.45000000000000007,5e-05,-0.004378728219307959,-0.007527203706558794,1.7510677736254365e-05,0.4301054,0.006957694349694066,1.5838443115353584,0.0
0.0048,-1.0,-0.497925,3164.5,2,0,28000,False,8,7,58c3590da9394caa84238dd58489ce36,2021-04-30_18-11-56,1619773916,84.36177372932434,480.059357881546,1331,Hinton,143.248.157.211,480.059357881546,0,7,f629b_00000,-1.0,0.0048,-0.497925,"[0.0044, -1.0, -1.0, -1.0, -1.0, 0.0048, 0.0038000000000000013, 0.003600000000000001]","[5002, 833, 776, 2557, 1142, 5002, 5002, 5002]","[0.0044, -1.0, -1.0, -1.0, -1.0, 0.0048, 0.0038000000000000013, 0.003600000000000001]",1.4680905963626805,5.872353115867659,3.0242869566748096,0.054644499706656094,44692.03,89.501,23886.108,167.461,28000,28000,54.52916666666667,72.36416666666666,0.0,0.45000000000000007,5e-05,0.000625493994448334,-0.017726594727719203,0.0132950225379318,0.42083246,0.011237926839385182,1.5369162522256374,0.0
0.006799999999999996,-1.0,-0.44184444444444443,3368.6666666666665,1,0,32000,False,9,8,58c3590da9394caa84238dd58489ce36,2021-04-30_18-13-23,1619774003,86.48498558998108,566.5443434715271,1331,Hinton,143.248.157.211,566.5443434715271,0,8,f629b_00000,-1.0,0.006799999999999996,-0.44184444444444443,"[0.006799999999999996, -1.0, -1.0, -1.0, 0.0048, 0.0038000000000000013, 0.003600000000000001, 0.0044, -1.0]","[5002, 776, 2557, 1142, 5002, 5002, 5002, 5002, 833]","[0.006799999999999996, -1.0, -1.0, -1.0, 0.0048, 0.0038000000000000013, 0.003600000000000001, 0.0044, -1.0]",1.4822653664795862,5.917664597364356,3.0867095432404006,0.05516174275484135,46163.912,86.648,24652.406,162.256,32000,32000,54.618699186991876,72.8731707317073,0.0,0.45000000000000007,5e-05,-0.009779346757568419,-0.015060008823638782,0.0012312487433518982,0.3492243,0.008998697565402836,1.561044581234455,0.0
0.006799999999999996,-1.0,-0.39716,3532.0,1,0,36000,False,10,9,58c3590da9394caa84238dd58489ce36,2021-04-30_18-14-47,1619774087,84.2186107635498,650.7629542350769,1331,Hinton,143.248.157.211,650.7629542350769,0,9,f629b_00000,-1.0,0.006799999999999996,-0.39716,"[0.004999999999999999, -1.0, -1.0, -1.0, 0.0048, 0.0038000000000000013, 0.003600000000000001, 0.0044, -1.0, 0.006799999999999996]","[5002, 776, 2557, 1142, 5002, 5002, 5002, 5002, 833, 5002]","[0.004999999999999999, -1.0, -1.0, -1.0, 0.0048, 0.0038000000000000013, 0.003600000000000001, 0.0044, -1.0, 0.006799999999999996]",1.4968606662748407,5.966956844897615,3.149148528545172,0.05567007703097922,47319.851,84.531,24985.438,160.093,36000,36000,54.51083333333333,72.73833333333333,0.0,0.45000000000000007,5e-05,-0.009413718362338841,-0.011538418009877205,0.00015619017358403653,0.40922302,0.004374466989247594,1.5359140448272228,0.0
0.006799999999999996,-1.0,-0.39716,3532.0,0,0,40000,False,10,10,58c3590da9394caa84238dd58489ce36,2021-04-30_18-16-10,1619774170,82.73782324790955,733.5007774829865,1331,Hinton,143.248.157.211,733.5007774829865,0,10,f629b_00000,-1.0,0.006799999999999996,-0.39716,"[-1.0, -1.0, -1.0, 0.0048, 0.0038000000000000013, 0.003600000000000001, 0.0044, -1.0, 0.006799999999999996, 0.004999999999999999]","[776, 2557, 1142, 5002, 5002, 5002, 5002, 833, 5002, 5002]","[-1.0, -1.0, -1.0, 0.0048, 0.0038000000000000013, 0.003600000000000001, 0.0044, -1.0, 0.006799999999999996, 0.004999999999999999]",1.4968606662748405,5.966956844897615,3.149148528545172,0.05567007703097922,48337.905,82.751,25010.47,159.933,40000,40000,54.04102564102564,72.75470085470089,0.0,0.22500000000000003,5e-05,-0.008311013167258352,-0.013391190354013816,0.0012675218986260006,0.663396,0.016945129464147612,1.5262145660817623,0.0
0.006799999999999996,-1.0,-0.41376666666666667,3634.0,2,0,44000,False,12,11,58c3590da9394caa84238dd58489ce36,2021-04-30_18-17-35,1619774255,85.3251485824585,818.825926065445,1331,Hinton,143.248.157.211,818.825926065445,0,11,f629b_00000,-1.0,0.006799999999999996,-0.41376666666666667,"[0.0026000000000000007, -0.9962, -1.0, -1.0, -1.0, 0.0048, 0.0038000000000000013, 0.003600000000000001, 0.0044, -1.0, 0.006799999999999996, 0.004999999999999999]","[5002, 3286, 776, 2557, 1142, 5002, 5002, 5002, 5002, 833, 5002, 5002]","[0.0026000000000000007, -0.9962, -1.0, -1.0, -1.0, 0.0048, 0.0038000000000000013, 0.003600000000000001, 0.0044, -1.0, 0.006799999999999996, 0.004999999999999999]",1.526539817371926,6.071236969122111,3.2896944482502604,0.05666600694175209,50320.31,79.491,25351.199,157.783,44000,44000,54.63636363636363,72.35371900826448,0.0,0.22500000000000003,5e-05,-0.018328456688323058,-0.02377266698749736,0.0018185839553552796,0.22998038,0.016113895952003077,1.524878591299057,0.0
0.006799999999999996,-1.0,-0.4137666666666666,3634.0,0,0,48000,False,12,12,58c3590da9394caa84238dd58489ce36,2021-04-30_18-19-02,1619774342,86.84392213821411,905.6698482036591,1331,Hinton,143.248.157.211,905.6698482036591,0,12,f629b_00000,-1.0,0.006799999999999996,-0.4137666666666666,"[-1.0, -1.0, -1.0, 0.0048, 0.0038000000000000013, 0.003600000000000001, 0.0044, -1.0, 0.006799999999999996, 0.004999999999999999, 0.0026000000000000007, -0.9962]","[776, 2557, 1142, 5002, 5002, 5002, 5002, 833, 5002, 5002, 5002, 3286]","[-1.0, -1.0, -1.0, 0.0048, 0.0038000000000000013, 0.003600000000000001, 0.0044, -1.0, 0.006799999999999996, 0.004999999999999999, 0.0026000000000000007, -0.9962]",1.526539817371926,6.071236969122111,3.289694448250261,0.05666600694175209,51874.2,77.11,26003.584,153.825,48000,48000,54.57661290322581,72.69919354838711,0.0,0.22500000000000003,5e-05,-0.01445070724003017,-0.01824002794455737,0.00017320369306617067,0.08409177,0.016071629303041846,1.5335358157753944,0.0
0.006799999999999996,-1.0,-0.3816307692307692,3739.230769230769,1,0,52000,False,13,13,58c3590da9394caa84238dd58489ce36,2021-04-30_18-20-33,1619774433,90.94061923027039,996.6104674339294,1331,Hinton,143.248.157.211,996.6104674339294,0,13,f629b_00000,-1.0,0.006799999999999996,-0.3816307692307692,"[0.004000000000000001, -1.0, -1.0, -1.0, 0.0048, 0.0038000000000000013, 0.003600000000000001, 0.0044, -1.0, 0.006799999999999996, 0.004999999999999999, 0.0026000000000000007, -0.9962]","[5002, 776, 2557, 1142, 5002, 5002, 5002, 5002, 833, 5002, 5002, 5002, 3286]","[0.004000000000000001, -1.0, -1.0, -1.0, 0.0048, 0.0038000000000000013, 0.003600000000000001, 0.0044, -1.0, 0.006799999999999996, 0.004999999999999999, 0.0026000000000000007, -0.9962]",1.540440375309753,6.120776804244997,3.351942134942221,0.05712628929079423,53116.425,75.306,27163.566,147.256,52000,52000,54.21550387596899,72.72868217054264,0.0,0.22500000000000003,5e-05,-0.008570290578063577,-0.012534902314655483,1.2732727725506265e-05,0.15001214,0.01756389846559614,1.5330937579274178,0.0
0.006799999999999996,-1.0,-0.49725,3412.4375,3,0,56000,False,16,14,58c3590da9394caa84238dd58489ce36,2021-04-30_18-22-05,1619774525,92.14396405220032,1088.7544314861298,1331,Hinton,143.248.157.211,1088.7544314861298,0,14,f629b_00000,-1.0,0.006799999999999996,-0.49725,"[-0.9948, -1.0, -1.0, -1.0, -1.0, -1.0, 0.0048, 0.0038000000000000013, 0.003600000000000001, 0.0044, -1.0, 0.006799999999999996, 0.004999999999999999, 0.0026000000000000007, -0.9962, 0.004000000000000001]","[4061, 1686, 242, 776, 2557, 1142, 5002, 5002, 5002, 5002, 833, 5002, 5002, 5002, 3286, 5002]","[-0.9948, -1.0, -1.0, -1.0, -1.0, -1.0, 0.0048, 0.0038000000000000013, 0.003600000000000001, 0.0044, -1.0, 0.006799999999999996, 0.004999999999999999, 0.0026000000000000007, -0.9962, 0.004000000000000001]",1.5735471163335188,6.240507458935502,3.4950127918458165,0.0582105721366152,54466.477,73.44,28554.88,140.081,56000,56000,55.045801526717554,72.47251908396944,0.0,0.22500000000000003,5e-05,0.009580373705830425,-0.022180110216140747,0.02825093490537256,0.025381777,0.015598004509229213,1.4854848086833954,0.0
0.006799999999999996,-1.0,-0.4678235294117647,3505.9411764705883,1,0,60000,False,17,15,58c3590da9394caa84238dd58489ce36,2021-04-30_18-23-37,1619774617,91.37561845779419,1180.130049943924,1331,Hinton,143.248.157.211,1180.130049943924,0,15,f629b_00000,-1.0,0.006799999999999996,-0.4678235294117647,"[0.003000000000000001, -1.0, -1.0, -1.0, 0.0048, 0.0038000000000000013, 0.003600000000000001, 0.0044, -1.0, 0.006799999999999996, 0.004999999999999999, 0.0026000000000000007, -0.9962, 0.004000000000000001, -0.9948, -1.0, -1.0]","[5002, 776, 2557, 1142, 5002, 5002, 5002, 5002, 833, 5002, 5002, 5002, 3286, 5002, 4061, 1686, 242]","[0.003000000000000001, -1.0, -1.0, -1.0, 0.0048, 0.0038000000000000013, 0.003600000000000001, 0.0044, -1.0, 0.006799999999999996, 0.004999999999999999, 0.0026000000000000007, -0.9962, 0.004000000000000001, -0.9948, -1.0, -1.0]",1.5824953087843314,6.273330559960723,3.531904978821917,0.058498496506714966,55736.032,71.767,30062.403,133.057,60000,60000,55.27076923076924,72.46999999999998,0.0,0.22500000000000003,5e-05,-0.019277089275419712,-0.024428425764199346,0.0002824586254064343,0.11915713,0.021639471349772066,1.5236046724021435,0.0
0.006799999999999996,-1.0,-0.4678235294117647,3505.9411764705883,0,0,64000,False,17,16,58c3590da9394caa84238dd58489ce36,2021-04-30_18-24-56,1619774696,79.33999347686768,1259.4700434207916,1331,Hinton,143.248.157.211,1259.4700434207916,0,16,f629b_00000,-1.0,0.006799999999999996,-0.4678235294117647,"[-1.0, -1.0, -1.0, 0.0048, 0.0038000000000000013, 0.003600000000000001, 0.0044, -1.0, 0.006799999999999996, 0.004999999999999999, 0.0026000000000000007, -0.9962, 0.004000000000000001, -0.9948, -1.0, -1.0, 0.003000000000000001]","[776, 2557, 1142, 5002, 5002, 5002, 5002, 833, 5002, 5002, 5002, 3286, 5002, 4061, 1686, 242, 5002]","[-1.0, -1.0, -1.0, 0.0048, 0.0038000000000000013, 0.003600000000000001, 0.0044, -1.0, 0.006799999999999996, 0.004999999999999999, 0.0026000000000000007, -0.9962, 0.004000000000000001, -0.9948, -1.0, -1.0, 0.003000000000000001]",1.5824953087843314,6.273330559960722,3.531904978821917,0.05849849650671496,56160.431,71.225,30215.047,132.384,64000,64000,55.61592920353983,72.46106194690266,0.0,0.3375,5e-05,-0.01623864079010673,-0.02488138573244214,0.001299215246035601,0.1154391,0.02175860566785559,1.5334817320108414,0.0
0.006799999999999996,-1.0,-0.4416555555555555,3589.0555555555557,1,0,68000,False,18,17,58c3590da9394caa84238dd58489ce36,2021-04-30_18-26-14,1619774774,77.87741041183472,1337.3474538326263,1331,Hinton,143.248.157.211,1337.3474538326263,0,17,f629b_00000,-1.0,0.006799999999999996,-0.4416555555555555,"[0.003200000000000001, -1.0, -1.0, -1.0, 0.0048, 0.0038000000000000013, 0.003600000000000001, 0.0044, -1.0, 0.006799999999999996, 0.004999999999999999, 0.0026000000000000007, -0.9962, 0.004000000000000001, -0.9948, -1.0, -1.0, 0.003000000000000001]","[5002, 776, 2557, 1142, 5002, 5002, 5002, 5002, 833, 5002, 5002, 5002, 3286, 5002, 4061, 1686, 242, 5002]","[0.003200000000000001, -1.0, -1.0, -1.0, 0.0048, 0.0038000000000000013, 0.003600000000000001, 0.0044, -1.0, 0.006799999999999996, 0.004999999999999999, 0.0026000000000000007, -0.9962, 0.004000000000000001, -0.9948, -1.0, -1.0, 0.003000000000000001]",1.591208559680712,6.305789673258209,3.5640565990951925,0.05877607401024879,55695.395,71.819,30031.658,133.193,68000,68000,53.284545454545466,72.9609090909091,0.0,0.5062500000000001,5e-05,-0.005980744812404737,-0.010896343039348722,0.00010408927028038306,0.361426,0.009504218149231747,1.5183093212544918,0.0
0.006799999999999996,-1.0,-0.4181684210526316,3663.4210526315787,1,0,72000,False,19,18,58c3590da9394caa84238dd58489ce36,2021-04-30_18-27-34,1619774854,80.21409487724304,1417.5615487098694,1331,Hinton,143.248.157.211,1417.5615487098694,0,18,f629b_00000,-1.0,0.006799999999999996,-0.4181684210526316,"[0.0046, -1.0, -1.0, -1.0, 0.0048, 0.0038000000000000013, 0.003600000000000001, 0.0044, -1.0, 0.006799999999999996, 0.004999999999999999, 0.0026000000000000007, -0.9962, 0.004000000000000001, -0.9948, -1.0, -1.0, 0.003000000000000001, 0.003200000000000001]","[5002, 776, 2557, 1142, 5002, 5002, 5002, 5002, 833, 5002, 5002, 5002, 3286, 5002, 4061, 1686, 242, 5002, 5002]","[0.0046, -1.0, -1.0, -1.0, 0.0048, 0.0038000000000000013, 0.003600000000000001, 0.0044, -1.0, 0.006799999999999996, 0.004999999999999999, 0.0026000000000000007, -0.9962, 0.004000000000000001, -0.9948, -1.0, -1.0, 0.003000000000000001, 0.003200000000000001]",1.5993001365457002,6.335897715024831,3.592714271321958,0.05903548227701925,55338.096,72.283,29761.82,134.4,72000,72000,54.1438596491228,72.74824561403508,0.0,0.5062500000000001,5e-05,-0.007308964559342712,-0.012628001626580954,2.0316299497835644e-05,0.19688988,0.010466607083799317,1.528506800532341,0.0
0.006799999999999996,-1.0,-0.39708,3730.35,1,0,76000,False,20,19,58c3590da9394caa84238dd58489ce36,2021-04-30_18-28-54,1619774934,80.06609320640564,1497.627641916275,1331,Hinton,143.248.157.211,1497.627641916275,0,19,f629b_00000,-1.0,0.006799999999999996,-0.39708,"[0.003600000000000001, -1.0, -1.0, -1.0, 0.0048, 0.0038000000000000013, 0.003600000000000001, 0.0044, -1.0, 0.006799999999999996, 0.004999999999999999, 0.0026000000000000007, -0.9962, 0.004000000000000001, -0.9948, -1.0, -1.0, 0.003000000000000001, 0.003200000000000001, 0.0046]","[5002, 776, 2557, 1142, 5002, 5002, 5002, 5002, 833, 5002, 5002, 5002, 3286, 5002, 4061, 1686, 242, 5002, 5002, 5002]","[0.003600000000000001, -1.0, -1.0, -1.0, 0.0048, 0.0038000000000000013, 0.003600000000000001, 0.0044, -1.0, 0.006799999999999996, 0.004999999999999999, 0.0026000000000000007, -0.9962, 0.004000000000000001, -0.9948, -1.0, -1.0, 0.003000000000000001, 0.003200000000000001, 0.0046]",1.6068704953503274,6.363931397701265,3.6193717994933485,0.05927921511570631,55126.766,72.56,29557.919,135.328,76000,76000,53.88157894736842,72.86315789473686,0.0,0.5062500000000001,5e-05,-0.015001201361883432,-0.018955736741190776,3.0471892813466184e-06,0.18265888,0.007805408487911336,1.5137403272092342,0.0
0.006799999999999996,-1.0,-0.42579047619047616,3657.190476190476,1,0,80000,False,21,20,58c3590da9394caa84238dd58489ce36,2021-04-30_18-30-14,1619775014,79.72512173652649,1577.3527636528015,1331,Hinton,143.248.157.211,1577.3527636528015,0,20,f629b_00000,-1.0,0.006799999999999996,-0.42579047619047616,"[-1.0, -1.0, -1.0, -1.0, 0.0048, 0.0038000000000000013, 0.003600000000000001, 0.0044, -1.0, 0.006799999999999996, 0.004999999999999999, 0.0026000000000000007, -0.9962, 0.004000000000000001, -0.9948, -1.0, -1.0, 0.003000000000000001, 0.003200000000000001, 0.0046, 0.003600000000000001]","[2194, 776, 2557, 1142, 5002, 5002, 5002, 5002, 833, 5002, 5002, 5002, 3286, 5002, 4061, 1686, 242, 5002, 5002, 5002, 5002]","[-1.0, -1.0, -1.0, -1.0, 0.0048, 0.0038000000000000013, 0.003600000000000001, 0.0044, -1.0, 0.006799999999999996, 0.004999999999999999, 0.0026000000000000007, -0.9962, 0.004000000000000001, -0.9948, -1.0, -1.0, 0.003000000000000001, 0.003200000000000001, 0.0046, 0.003600000000000001]",1.6139569684047306,6.390251276583679,3.6443710330094246,0.059507601853102055,54868.953,72.901,29514.43,135.527,80000,80000,53.73859649122808,72.79122807017544,0.0,0.5062500000000001,5e-05,-0.005236123375652824,-0.0063051056931726635,0.00026470704215597607,-0.76842797,0.001588691700817435,1.545556977391243,0.0
0.006799999999999996,-1.0,-0.477488,3318.84,4,0,84000,False,25,21,58c3590da9394caa84238dd58489ce36,2021-04-30_18-31-34,1619775094,79.81706714630127,1657.1698307991028,1331,Hinton,143.248.157.211,1657.1698307991028,0,21,f629b_00000,-1.0,0.006799999999999996,-0.477488,"[0.0044, -1.0, -1.0, -1.0, -1.0, -1.0, -1.0, 0.0048, 0.0038000000000000013, 0.003600000000000001, 0.0044, -1.0, 0.006799999999999996, 0.004999999999999999, 0.0026000000000000007, -0.9962, 0.004000000000000001, -0.9948, -1.0, -1.0, 0.003000000000000001, 0.003200000000000001, 0.0046, 0.003600000000000001, -1.0]","[5002, 452, 252, 464, 776, 2557, 1142, 5002, 5002, 5002, 5002, 833, 5002, 5002, 5002, 3286, 5002, 4061, 1686, 242, 5002, 5002, 5002, 5002, 2194]","[0.0044, -1.0, -1.0, -1.0, -1.0, -1.0, -1.0, 0.0048, 0.0038000000000000013, 0.003600000000000001, 0.0044, -1.0, 0.006799999999999996, 0.004999999999999999, 0.0026000000000000007, -0.9962, 0.004000000000000001, -0.9948, -1.0, -1.0, 0.003000000000000001, 0.003200000000000001, 0.0046, 0.003600000000000001, -1.0]",1.6373324290084894,6.4774175569395185,3.7243522114010204,0.060262139407668974,54255.821,73.725,29576.618,135.242,84000,84000,54.12212389380531,72.89203539823008,0.0,0.25312500000000004,5e-05,0.0034048669040203094,-0.013268674665596336,0.013363374491746072,0.5145811,0.01307719323085621,1.5037430748343468,0.0
0.006799999999999996,-1.0,-0.4589769230769231,3383.576923076923,1,0,88000,False,26,22,58c3590da9394caa84238dd58489ce36,2021-04-30_18-32-55,1619775175,80.69999814033508,1737.8698289394379,1331,Hinton,143.248.157.211,1737.8698289394379,0,22,f629b_00000,-1.0,0.006799999999999996,-0.4589769230769231,"[0.0038000000000000013, -1.0, -1.0, -1.0, 0.0048, 0.0038000000000000013, 0.003600000000000001, 0.0044, -1.0, 0.006799999999999996, 0.004999999999999999, 0.0026000000000000007, -0.9962, 0.004000000000000001, -0.9948, -1.0, -1.0, 0.003000000000000001, 0.003200000000000001, 0.0046, 0.003600000000000001, -1.0, 0.0044, -1.0, -1.0, -1.0]","[5002, 776, 2557, 1142, 5002, 5002, 5002, 5002, 833, 5002, 5002, 5002, 3286, 5002, 4061, 1686, 242, 5002, 5002, 5002, 5002, 2194, 5002, 452, 252, 464]","[0.0038000000000000013, -1.0, -1.0, -1.0, 0.0048, 0.0038000000000000013, 0.003600000000000001, 0.0044, -1.0, 0.006799999999999996, 0.004999999999999999, 0.0026000000000000007, -0.9962, 0.004000000000000001, -0.9948, -1.0, -1.0, 0.003000000000000001, 0.003200000000000001, 0.0046, 0.003600000000000001, -1.0, 0.0044, -1.0, -1.0, -1.0]",1.6422561901524941,6.495769581037186,3.7407576260248727,0.0604211464115547,53920.384,74.183,29297.491,136.53,88000,88000,54.37719298245614,72.77017543859648,0.0,0.25312500000000004,5e-05,-0.006648742652032524,-0.014021314767887816,0.00027964122773482813,0.18856868,0.02802145475288853,1.5226656943559647,0.0
0.006799999999999996,-1.0,-0.47901481481481484,3348.5925925925926,1,0,92000,False,27,23,58c3590da9394caa84238dd58489ce36,2021-04-30_18-34-15,1619775255,80.12707328796387,1817.9969022274017,1331,Hinton,143.248.157.211,1817.9969022274017,0,23,f629b_00000,-1.0,0.006799999999999996,-0.47901481481481484,"[-1.0, -1.0, -1.0, -1.0, 0.0048, 0.0038000000000000013, 0.003600000000000001, 0.0044, -1.0, 0.006799999999999996, 0.004999999999999999, 0.0026000000000000007, -0.9962, 0.004000000000000001, -0.9948, -1.0, -1.0, 0.003000000000000001, 0.003200000000000001, 0.0046, 0.003600000000000001, -1.0, 0.0044, -1.0, -1.0, -1.0, 0.0038000000000000013]","[2439, 776, 2557, 1142, 5002, 5002, 5002, 5002, 833, 5002, 5002, 5002, 3286, 5002, 4061, 1686, 242, 5002, 5002, 5002, 5002, 2194, 5002, 452, 252, 464, 5002]","[-1.0, -1.0, -1.0, -1.0, 0.0048, 0.0038000000000000013, 0.003600000000000001, 0.0044, -1.0, 0.006799999999999996, 0.004999999999999999, 0.0026000000000000007, -0.9962, 0.004000000000000001, -0.9948, -1.0, -1.0, 0.003000000000000001, 0.003200000000000001, 0.0046, 0.003600000000000001, -1.0, 0.0044, -1.0, -1.0, -1.0, 0.0038000000000000013]",1.6470325795566143,6.513689455403364,3.7561637846864224,0.06057679310406315,53987.423,74.091,28149.151,142.1,92000,92000,54.66140350877193,72.81315789473683,0.0,0.37968750000000007,5e-05,-0.01892420492367819,-0.027599659573752433,0.0021183954622756573,0.055534355,0.017269622621824965,1.5118321292102337,0.0
0.006799999999999996,-1.0,-0.4975714285714286,3322.964285714286,1,0,96000,False,28,24,58c3590da9394caa84238dd58489ce36,2021-04-30_18-35-38,1619775338,82.6618230342865,1900.6587252616882,1331,Hinton,143.248.157.211,1900.6587252616882,0,24,f629b_00000,-1.0,0.006799999999999996,-0.4975714285714286,"[-0.9986, -1.0, -1.0, -1.0, 0.0048, 0.0038000000000000013, 0.003600000000000001, 0.0044, -1.0, 0.006799999999999996, 0.004999999999999999, 0.0026000000000000007, -0.9962, 0.004000000000000001, -0.9948, -1.0, -1.0, 0.003000000000000001, 0.003200000000000001, 0.0046, 0.003600000000000001, -1.0, 0.0044, -1.0, -1.0, -1.0, 0.0038000000000000013, -1.0]","[2631, 776, 2557, 1142, 5002, 5002, 5002, 5002, 833, 5002, 5002, 5002, 3286, 5002, 4061, 1686, 242, 5002, 5002, 5002, 5002, 2194, 5002, 452, 252, 464, 5002, 2439]","[-0.9986, -1.0, -1.0, -1.0, 0.0048, 0.0038000000000000013, 0.003600000000000001, 0.0044, -1.0, 0.006799999999999996, 0.004999999999999999, 0.0026000000000000007, -0.9962, 0.004000000000000001, -0.9948, -1.0, -1.0, 0.003000000000000001, 0.003200000000000001, 0.0046, 0.003600000000000001, -1.0, 0.0044, -1.0, -1.0, -1.0, 0.0038000000000000013, -1.0]",1.6516488751556242,6.531030273316629,3.7716042494726887,0.060728055193882295,54293.651,73.673,26894.6,148.729,96000,96000,54.35254237288137,72.86949152542375,0.0,0.37968750000000007,5e-05,-0.013316339580342174,-0.016145233530551195,0.0011745629246888711,0.6205236,0.004357083587819943,1.5524263232946396,0.0
0.008799999999999997,-1.0,-0.4801103448275862,3380.862068965517,1,0,100000,False,29,25,58c3590da9394caa84238dd58489ce36,2021-04-30_18-36-59,1619775419,81.29870271682739,1981.9574279785156,1331,Hinton,143.248.157.211,1981.9574279785156,0,25,f629b_00000,-1.0,0.008799999999999997,-0.4801103448275862,"[0.008799999999999997, -1.0, -1.0, -1.0, 0.0048, 0.0038000000000000013, 0.003600000000000001, 0.0044, -1.0, 0.006799999999999996, 0.004999999999999999, 0.0026000000000000007, -0.9962, 0.004000000000000001, -0.9948, -1.0, -1.0, 0.003000000000000001, 0.003200000000000001, 0.0046, 0.003600000000000001, -1.0, 0.0044, -1.0, -1.0, -1.0, 0.0038000000000000013, -1.0, -0.9986]","[5002, 776, 2557, 1142, 5002, 5002, 5002, 5002, 833, 5002, 5002, 5002, 3286, 5002, 4061, 1686, 242, 5002, 5002, 5002, 5002, 2194, 5002, 452, 252, 464, 5002, 2439, 2631]","[0.008799999999999997, -1.0, -1.0, -1.0, 0.0048, 0.0038000000000000013, 0.003600000000000001, 0.0044, -1.0, 0.006799999999999996, 0.004999999999999999, 0.0026000000000000007, -0.9962, 0.004000000000000001, -0.9948, -1.0, -1.0, 0.003000000000000001, 0.003200000000000001, 0.0046, 0.003600000000000001, -1.0, 0.0044, -1.0, -1.0, -1.0, 0.0038000000000000013, -1.0, -0.9986]",1.6560481424683953,6.547590737928607,3.786329329392635,0.060872911349814755,54365.347,73.576,25815.16,154.948,100000,100000,54.149565217391306,72.80434782608695,0.0,0.18984375000000003,5e-05,-0.03351690073031932,-0.03816259448649362,1.1908808723148923e-05,0.61546814,0.02440843143267557,1.5316268540918827,0.0
0.009399999999999999,-1.0,-0.48109032258064516,3352.516129032258,2,0,104000,False,31,26,58c3590da9394caa84238dd58489ce36,2021-04-30_18-38-21,1619775501,81.87811398506165,2063.8355419635773,1331,Hinton,143.248.157.211,2063.8355419635773,0,26,f629b_00000,-1.0,0.009399999999999999,-0.48109032258064516,"[0.009399999999999999, -1.0, -1.0, -1.0, -1.0, 0.0048, 0.0038000000000000013, 0.003600000000000001, 0.0044, -1.0, 0.006799999999999996, 0.004999999999999999, 0.0026000000000000007, -0.9962, 0.004000000000000001, -0.9948, -1.0, -1.0, 0.003000000000000001, 0.003200000000000001, 0.0046, 0.003600000000000001, -1.0, 0.0044, -1.0, -1.0, -1.0, 0.0038000000000000013, -1.0, -0.9986, 0.008799999999999997]","[5002, 881, 776, 2557, 1142, 5002, 5002, 5002, 5002, 833, 5002, 5002, 5002, 3286, 5002, 4061, 1686, 242, 5002, 5002, 5002, 5002, 2194, 5002, 452, 252, 464, 5002, 2439, 2631, 5002]","[0.009399999999999999, -1.0, -1.0, -1.0, -1.0, 0.0048, 0.0038000000000000013, 0.003600000000000001, 0.0044, -1.0, 0.006799999999999996, 0.004999999999999999, 0.0026000000000000007, -0.9962, 0.004000000000000001, -0.9948, -1.0, -1.0, 0.003000000000000001, 0.003200000000000001, 0.0046, 0.003600000000000001, -1.0, 0.0044, -1.0, -1.0, -1.0, 0.0038000000000000013, -1.0, -0.9986, 0.008799999999999997]",1.6642095501976606,6.578270516048603,3.813133451808156,0.061142386998967645,54445.403,73.468,25988.834,153.912,104000,104000,54.108547008547006,72.77094017094021,0.0,0.284765625,5e-05,-0.006945752422325313,-0.012520907388534397,0.004046455389470793,0.57310337,0.00536826417373959,1.541681781411171,0.0
0.009399999999999999,-1.0,-0.48109032258064516,3352.516129032258,0,0,108000,False,31,27,58c3590da9394caa84238dd58489ce36,2021-04-30_18-39-40,1619775580,79.47935342788696,2143.3148953914642,1331,Hinton,143.248.157.211,2143.3148953914642,0,27,f629b_00000,-1.0,0.009399999999999999,-0.48109032258064516,"[-1.0, -1.0, -1.0, 0.0048, 0.0038000000000000013, 0.003600000000000001, 0.0044, -1.0, 0.006799999999999996, 0.004999999999999999, 0.0026000000000000007, -0.9962, 0.004000000000000001, -0.9948, -1.0, -1.0, 0.003000000000000001, 0.003200000000000001, 0.0046, 0.003600000000000001, -1.0, 0.0044, -1.0, -1.0, -1.0, 0.0038000000000000013, -1.0, -0.9986, 0.008799999999999997, 0.009399999999999999, -1.0]","[776, 2557, 1142, 5002, 5002, 5002, 5002, 833, 5002, 5002, 5002, 3286, 5002, 4061, 1686, 242, 5002, 5002, 5002, 5002, 2194, 5002, 452, 252, 464, 5002, 2439, 2631, 5002, 5002, 881]","[-1.0, -1.0, -1.0, 0.0048, 0.0038000000000000013, 0.003600000000000001, 0.0044, -1.0, 0.006799999999999996, 0.004999999999999999, 0.0026000000000000007, -0.9962, 0.004000000000000001, -0.9948, -1.0, -1.0, 0.003000000000000001, 0.003200000000000001, 0.0046, 0.003600000000000001, -1.0, 0.0044, -1.0, -1.0, -1.0, 0.0038000000000000013, -1.0, -0.9986, 0.008799999999999997, 0.009399999999999999, -1.0]",1.6642095501976606,6.578270516048603,3.8131334518081554,0.061142386998967645,54634.133,73.214,25960.298,154.081,108000,108000,54.27876106194691,72.79380530973451,0.0,0.284765625,5e-05,-0.010301342495949939,-0.017524703522212803,0.0031744977241032757,0.10318185,0.01421822133124806,1.5403445847332478,0.0
0.009399999999999999,-1.0,-0.5617692307692307,2868.4102564102564,8,0,112000,False,39,28,58c3590da9394caa84238dd58489ce36,2021-04-30_18-41-00,1619775660,79.0090229511261,2222.3239183425903,1331,Hinton,143.248.157.211,2222.3239183425903,0,28,f629b_00000,-1.0,0.009399999999999999,-0.5617692307692307,"[0.0048, -1.0, -1.0, -1.0, -1.0, -1.0, -1.0, -1.0, -1.0, -1.0, -1.0, 0.0048, 0.0038000000000000013, 0.003600000000000001, 0.0044, -1.0, 0.006799999999999996, 0.004999999999999999, 0.0026000000000000007, -0.9962, 0.004000000000000001, -0.9948, -1.0, -1.0, 0.003000000000000001, 0.003200000000000001, 0.0046, 0.003600000000000001, -1.0, 0.0044, -1.0, -1.0, -1.0, 0.0038000000000000013, -1.0, -0.9986, 0.008799999999999997, 0.009399999999999999, -1.0]","[5002, 509, 363, 219, 907, 377, 235, 328, 776, 2557, 1142, 5002, 5002, 5002, 5002, 833, 5002, 5002, 5002, 3286, 5002, 4061, 1686, 242, 5002, 5002, 5002, 5002, 2194, 5002, 452, 252, 464, 5002, 2439, 2631, 5002, 5002, 881]","[0.0048, -1.0, -1.0, -1.0, -1.0, -1.0, -1.0, -1.0, -1.0, -1.0, -1.0, 0.0048, 0.0038000000000000013, 0.003600000000000001, 0.0044, -1.0, 0.006799999999999996, 0.004999999999999999, 0.0026000000000000007, -0.9962, 0.004000000000000001, -0.9948, -1.0, -1.0, 0.003000000000000001, 0.003200000000000001, 0.0046, 0.003600000000000001, -1.0, 0.0044, -1.0, -1.0, -1.0, 0.0038000000000000013, -1.0, -0.9986, 0.008799999999999997, 0.009399999999999999, -1.0]",1.6896468790717434,6.6746600053091285,3.897663877197407,0.0619866723171031,54977.717,72.757,25496.218,156.886,112000,112000,52.004464285714285,71.57857142857144,0.0,0.284765625,5e-05,0.017406363651389256,-0.01698930247221142,0.030134680157061666,0.4028139,0.01496313069947064,1.5599689297378063,0.0
0.009399999999999999,-1.0,-0.5617692307692307,2868.4102564102564,0,0,116000,False,39,29,58c3590da9394caa84238dd58489ce36,2021-04-30_18-42-22,1619775742,82.12271976470947,2304.4466381073,1331,Hinton,143.248.157.211,2304.4466381073,0,29,f629b_00000,-1.0,0.009399999999999999,-0.5617692307692307,"[-1.0, -1.0, -1.0, 0.0048, 0.0038000000000000013, 0.003600000000000001, 0.0044, -1.0, 0.006799999999999996, 0.004999999999999999, 0.0026000000000000007, -0.9962, 0.004000000000000001, -0.9948, -1.0, -1.0, 0.003000000000000001, 0.003200000000000001, 0.0046, 0.003600000000000001, -1.0, 0.0044, -1.0, -1.0, -1.0, 0.0038000000000000013, -1.0, -0.9986, 0.008799999999999997, 0.009399999999999999, -1.0, 0.0048, -1.0, -1.0, -1.0, -1.0, -1.0, -1.0, -1.0]","[776, 2557, 1142, 5002, 5002, 5002, 5002, 833, 5002, 5002, 5002, 3286, 5002, 4061, 1686, 242, 5002, 5002, 5002, 5002, 2194, 5002, 452, 252, 464, 5002, 2439, 2631, 5002, 5002, 881, 5002, 509, 363, 219, 907, 377, 235, 328]","[-1.0, -1.0, -1.0, 0.0048, 0.0038000000000000013, 0.003600000000000001, 0.0044, -1.0, 0.006799999999999996, 0.004999999999999999, 0.0026000000000000007, -0.9962, 0.004000000000000001, -0.9948, -1.0, -1.0, 0.003000000000000001, 0.003200000000000001, 0.0046, 0.003600000000000001, -1.0, 0.0044, -1.0, -1.0, -1.0, 0.0038000000000000013, -1.0, -0.9986, 0.008799999999999997, 0.009399999999999999, -1.0, 0.0048, -1.0, -1.0, -1.0, -1.0, -1.0, -1.0, -1.0]",1.6896468790717434,6.674660005309131,3.8976638771974055,0.06198667231710308,55391.263,72.214,25288.3,158.176,116000,116000,50.24188034188033,70.53418803418805,0.0,0.284765625,5e-05,-0.005530488531803712,-0.01203008322045207,0.00223272187213297,0.11770869,0.014983801956987008,1.5630536898970604,0.0
0.009399999999999999,-1.0,-0.5829560975609756,2881.829268292683,2,0,120000,False,41,30,58c3590da9394caa84238dd58489ce36,2021-04-30_18-43-43,1619775823,80.79854083061218,2385.245178937912,1331,Hinton,143.248.157.211,2385.245178937912,0,30,f629b_00000,-1.0,0.009399999999999999,-0.5829560975609756,"[-0.9922, -1.0, -1.0, -1.0, -1.0, 0.0048, 0.0038000000000000013, 0.003600000000000001, 0.0044, -1.0, 0.006799999999999996, 0.004999999999999999, 0.0026000000000000007, -0.9962, 0.004000000000000001, -0.9948, -1.0, -1.0, 0.003000000000000001, 0.003200000000000001, 0.0046, 0.003600000000000001, -1.0, 0.0044, -1.0, -1.0, -1.0, 0.0038000000000000013, -1.0, -0.9986, 0.008799999999999997, 0.009399999999999999, -1.0, 0.0048, -1.0, -1.0, -1.0, -1.0, -1.0, -1.0, -1.0]","[4838, 1449, 776, 2557, 1142, 5002, 5002, 5002, 5002, 833, 5002, 5002, 5002, 3286, 5002, 4061, 1686, 242, 5002, 5002, 5002, 5002, 2194, 5002, 452, 252, 464, 5002, 2439, 2631, 5002, 5002, 881, 5002, 509, 363, 219, 907, 377, 235, 328]","[-0.9922, -1.0, -1.0, -1.0, -1.0, 0.0048, 0.0038000000000000013, 0.003600000000000001, 0.0044, -1.0, 0.006799999999999996, 0.004999999999999999, 0.0026000000000000007, -0.9962, 0.004000000000000001, -0.9948, -1.0, -1.0, 0.003000000000000001, 0.003200000000000001, 0.0046, 0.003600000000000001, -1.0, 0.0044, -1.0, -1.0, -1.0, 0.0038000000000000013, -1.0, -0.9986, 0.008799999999999997, 0.009399999999999999, -1.0, 0.0048, -1.0, -1.0, -1.0, -1.0, -1.0, -1.0, -1.0]",1.6945320169718496,6.693284252011569,3.916386142363188,0.06214827615131296,55352.139,72.265,25434.803,157.265,120000,120000,50.67982456140351,70.48508771929825,0.0,0.284765625,5e-05,-0.0039136664709076285,-0.02428471526945941,0.01615458051674068,0.16491184,0.014806801220402122,1.5674217268824577,0.0
0.009399999999999999,-1.0,-0.5927952380952382,2923.7380952380954,1,0,124000,False,42,31,58c3590da9394caa84238dd58489ce36,2021-04-30_18-45-04,1619775904,80.93172430992126,2466.1769032478333,1331,Hinton,143.248.157.211,2466.1769032478333,0,31,f629b_00000,-1.0,0.009399999999999999,-0.5927952380952382,"[-0.9962, -1.0, -1.0, -1.0, 0.0048, 0.0038000000000000013, 0.003600000000000001, 0.0044, -1.0, 0.006799999999999996, 0.004999999999999999, 0.0026000000000000007, -0.9962, 0.004000000000000001, -0.9948, -1.0, -1.0, 0.003000000000000001, 0.003200000000000001, 0.0046, 0.003600000000000001, -1.0, 0.0044, -1.0, -1.0, -1.0, 0.0038000000000000013, -1.0, -0.9986, 0.008799999999999997, 0.009399999999999999, -1.0, 0.0048, -1.0, -1.0, -1.0, -1.0, -1.0, -1.0, -1.0, -0.9922, -1.0]","[4642, 776, 2557, 1142, 5002, 5002, 5002, 5002, 833, 5002, 5002, 5002, 3286, 5002, 4061, 1686, 242, 5002, 5002, 5002, 5002, 2194, 5002, 452, 252, 464, 5002, 2439, 2631, 5002, 5002, 881, 5002, 509, 363, 219, 907, 377, 235, 328, 4838, 1449]","[-0.9962, -1.0, -1.0, -1.0, 0.0048, 0.0038000000000000013, 0.003600000000000001, 0.0044, -1.0, 0.006799999999999996, 0.004999999999999999, 0.0026000000000000007, -0.9962, 0.004000000000000001, -0.9948, -1.0, -1.0, 0.003000000000000001, 0.003200000000000001, 0.0046, 0.003600000000000001, -1.0, 0.0044, -1.0, -1.0, -1.0, 0.0038000000000000013, -1.0, -0.9986, 0.008799999999999997, 0.009399999999999999, -1.0, 0.0048, -1.0, -1.0, -1.0, -1.0, -1.0, -1.0, -1.0, -0.9922, -1.0]",1.6967814346312298,6.7018903614084495,3.9250895292999544,0.06222261832337355,55259.818,72.385,25638.755,156.014,124000,124000,50.574137931034485,70.49051724137931,0.0,0.284765625,5e-05,-0.0031183635583147407,-0.017567388305906206,0.01050333262537606,0.14505774,0.013855924247764051,1.5674963667988777,0.0
0.009399999999999999,-1.0,-0.5789395348837209,2972.0697674418607,1,0,128000,False,43,32,58c3590da9394caa84238dd58489ce36,2021-04-30_18-46-29,1619775989,84.97720956802368,2551.154112815857,1331,Hinton,143.248.157.211,2551.154112815857,0,32,f629b_00000,-1.0,0.009399999999999999,-0.5789395348837209,"[0.003000000000000001, -1.0, -1.0, -1.0, 0.0048, 0.0038000000000000013, 0.003600000000000001, 0.0044, -1.0, 0.006799999999999996, 0.004999999999999999, 0.0026000000000000007, -0.9962, 0.004000000000000001, -0.9948, -1.0, -1.0, 0.003000000000000001, 0.003200000000000001, 0.0046, 0.003600000000000001, -1.0, 0.0044, -1.0, -1.0, -1.0, 0.0038000000000000013, -1.0, -0.9986, 0.008799999999999997, 0.009399999999999999, -1.0, 0.0048, -1.0, -1.0, -1.0, -1.0, -1.0, -1.0, -1.0, -0.9922, -1.0, -0.9962]","[5002, 776, 2557, 1142, 5002, 5002, 5002, 5002, 833, 5002, 5002, 5002, 3286, 5002, 4061, 1686, 242, 5002, 5002, 5002, 5002, 2194, 5002, 452, 252, 464, 5002, 2439, 2631, 5002, 5002, 881, 5002, 509, 363, 219, 907, 377, 235, 328, 4838, 1449, 4642]","[0.003000000000000001, -1.0, -1.0, -1.0, 0.0048, 0.0038000000000000013, 0.003600000000000001, 0.0044, -1.0, 0.006799999999999996, 0.004999999999999999, 0.0026000000000000007, -0.9962, 0.004000000000000001, -0.9948, -1.0, -1.0, 0.003000000000000001, 0.003200000000000001, 0.0046, 0.003600000000000001, -1.0, 0.0044, -1.0, -1.0, -1.0, 0.0038000000000000013, -1.0, -0.9986, 0.008799999999999997, 0.009399999999999999, -1.0, 0.0048, -1.0, -1.0, -1.0, -1.0, -1.0, -1.0, -1.0, -0.9922, -1.0, -0.9962]",1.6989390010841765,6.710156024781139,3.933503314252467,0.06229349727289876,55198.345,72.466,26128.085,153.092,128000,128000,50.43749999999999,70.51916666666666,0.0,0.284765625,5e-05,-0.0037173889577388763,-0.007032059540506452,0.0001407357519838115,0.24108775,0.01114576097461395,1.5495532974600792,0.0
